/*--------------------------------*- C++ -*----------------------------------*\
| =========                 |                                                 |
| \\      /  F ield         | OpenFOAM: The Open Source CFD Toolbox           |
|  \\    /   O peration     | Version:                                        |
|   \\  /    A nd           | Website:  www.openfoam.com                      |
|    \\/     M anipulation  |                                                 |
\*---------------------------------------------------------------------------*/
FoamFile
{
    version     2.0;
    format      ascii;
    class       faceList;
    location    "constant/polyMesh";
    object      faces;
}
// * * * * * * * * * * * * * * * * * * * * * * * * * * * * * * * * * * * * * //


2720
(
4(2 639 642 60)
4(639 465 468 642)
4(60 642 468 59)
4(3 636 643 79)
4(636 639 642 643)
4(79 643 642 60)
4(4 633 644 98)
4(633 636 643 644)
4(98 644 643 79)
4(5 630 645 117)
4(630 633 644 645)
4(117 645 644 98)
4(6 627 646 136)
4(627 630 645 646)
4(136 646 645 117)
4(7 624 647 155)
4(624 627 646 647)
4(155 647 646 136)
4(8 621 648 174)
4(621 624 647 648)
4(174 648 647 155)
4(9 618 649 193)
4(618 621 648 649)
4(193 649 648 174)
4(10 615 650 212)
4(615 618 649 650)
4(212 650 649 193)
4(555 615 650 612)
4(612 650 212 12)
4(639 640 651 642)
4(640 466 469 651)
4(642 651 469 468)
4(636 637 652 643)
4(637 640 651 652)
4(643 652 651 642)
4(633 634 653 644)
4(634 637 652 653)
4(644 653 652 643)
4(630 631 654 645)
4(631 634 653 654)
4(645 654 653 644)
4(627 628 655 646)
4(628 631 654 655)
4(646 655 654 645)
4(624 625 656 647)
4(625 628 655 656)
4(647 656 655 646)
4(621 622 657 648)
4(622 625 656 657)
4(648 657 656 647)
4(618 619 658 649)
4(619 622 657 658)
4(649 658 657 648)
4(615 616 659 650)
4(616 619 658 659)
4(650 659 658 649)
4(556 616 659 613)
4(613 659 650 612)
4(640 641 660 651)
4(641 467 470 660)
4(651 660 470 469)
4(637 638 661 652)
4(638 641 660 661)
4(652 661 660 651)
4(634 635 662 653)
4(635 638 661 662)
4(653 662 661 652)
4(631 632 663 654)
4(632 635 662 663)
4(654 663 662 653)
4(628 629 664 655)
4(629 632 663 664)
4(655 664 663 654)
4(625 626 665 656)
4(626 629 664 665)
4(656 665 664 655)
4(622 623 666 657)
4(623 626 665 666)
4(657 666 665 656)
4(619 620 667 658)
4(620 623 666 667)
4(658 667 666 657)
4(616 617 668 659)
4(617 620 667 668)
4(659 668 667 658)
4(557 617 668 614)
4(614 668 659 613)
4(641 241 443 660)
4(660 443 243 470)
4(638 240 424 661)
4(661 424 443 660)
4(635 239 405 662)
4(662 405 424 661)
4(632 238 386 663)
4(663 386 405 662)
4(629 237 367 664)
4(664 367 386 663)
4(626 236 348 665)
4(665 348 367 664)
4(623 235 329 666)
4(666 329 348 665)
4(620 234 310 667)
4(667 310 329 666)
4(617 233 291 668)
4(668 291 310 667)
4(668 614 290 291)
4(60 642 669 61)
4(642 468 471 669)
4(61 669 471 58)
4(79 643 670 80)
4(643 642 669 670)
4(80 670 669 61)
4(98 644 671 99)
4(644 643 670 671)
4(99 671 670 80)
4(117 645 672 118)
4(645 644 671 672)
4(118 672 671 99)
4(136 646 673 137)
4(646 645 672 673)
4(137 673 672 118)
4(155 647 674 156)
4(647 646 673 674)
4(156 674 673 137)
4(174 648 675 175)
4(648 647 674 675)
4(175 675 674 156)
4(193 649 676 194)
4(649 648 675 676)
4(194 676 675 175)
4(212 650 677 213)
4(650 649 676 677)
4(213 677 676 194)
4(612 650 677 609)
4(609 677 213 13)
4(642 651 678 669)
4(651 469 472 678)
4(669 678 472 471)
4(643 652 679 670)
4(652 651 678 679)
4(670 679 678 669)
4(644 653 680 671)
4(653 652 679 680)
4(671 680 679 670)
4(645 654 681 672)
4(654 653 680 681)
4(672 681 680 671)
4(646 655 682 673)
4(655 654 681 682)
4(673 682 681 672)
4(647 656 683 674)
4(656 655 682 683)
4(674 683 682 673)
4(648 657 684 675)
4(657 656 683 684)
4(675 684 683 674)
4(649 658 685 676)
4(658 657 684 685)
4(676 685 684 675)
4(650 659 686 677)
4(659 658 685 686)
4(677 686 685 676)
4(613 659 686 610)
4(610 686 677 609)
4(651 660 687 678)
4(660 470 473 687)
4(678 687 473 472)
4(652 661 688 679)
4(661 660 687 688)
4(679 688 687 678)
4(653 662 689 680)
4(662 661 688 689)
4(680 689 688 679)
4(654 663 690 681)
4(663 662 689 690)
4(681 690 689 680)
4(655 664 691 682)
4(664 663 690 691)
4(682 691 690 681)
4(656 665 692 683)
4(665 664 691 692)
4(683 692 691 682)
4(657 666 693 684)
4(666 665 692 693)
4(684 693 692 683)
4(658 667 694 685)
4(667 666 693 694)
4(685 694 693 684)
4(659 668 695 686)
4(668 667 694 695)
4(686 695 694 685)
4(614 668 695 611)
4(611 695 686 610)
4(660 443 444 687)
4(687 444 244 473)
4(661 424 425 688)
4(688 425 444 687)
4(662 405 406 689)
4(689 406 425 688)
4(663 386 387 690)
4(690 387 406 689)
4(664 367 368 691)
4(691 368 387 690)
4(665 348 349 692)
4(692 349 368 691)
4(666 329 330 693)
4(693 330 349 692)
4(667 310 311 694)
4(694 311 330 693)
4(668 291 292 695)
4(695 292 311 694)
4(695 611 289 292)
4(61 669 696 62)
4(669 471 474 696)
4(62 696 474 57)
4(80 670 697 81)
4(670 669 696 697)
4(81 697 696 62)
4(99 671 698 100)
4(671 670 697 698)
4(100 698 697 81)
4(118 672 699 119)
4(672 671 698 699)
4(119 699 698 100)
4(137 673 700 138)
4(673 672 699 700)
4(138 700 699 119)
4(156 674 701 157)
4(674 673 700 701)
4(157 701 700 138)
4(175 675 702 176)
4(675 674 701 702)
4(176 702 701 157)
4(194 676 703 195)
4(676 675 702 703)
4(195 703 702 176)
4(213 677 704 214)
4(677 676 703 704)
4(214 704 703 195)
4(609 677 704 606)
4(606 704 214 14)
4(669 678 705 696)
4(678 472 475 705)
4(696 705 475 474)
4(670 679 706 697)
4(679 678 705 706)
4(697 706 705 696)
4(671 680 707 698)
4(680 679 706 707)
4(698 707 706 697)
4(672 681 708 699)
4(681 680 707 708)
4(699 708 707 698)
4(673 682 709 700)
4(682 681 708 709)
4(700 709 708 699)
4(674 683 710 701)
4(683 682 709 710)
4(701 710 709 700)
4(675 684 711 702)
4(684 683 710 711)
4(702 711 710 701)
4(676 685 712 703)
4(685 684 711 712)
4(703 712 711 702)
4(677 686 713 704)
4(686 685 712 713)
4(704 713 712 703)
4(610 686 713 607)
4(607 713 704 606)
4(678 687 714 705)
4(687 473 476 714)
4(705 714 476 475)
4(679 688 715 706)
4(688 687 714 715)
4(706 715 714 705)
4(680 689 716 707)
4(689 688 715 716)
4(707 716 715 706)
4(681 690 717 708)
4(690 689 716 717)
4(708 717 716 707)
4(682 691 718 709)
4(691 690 717 718)
4(709 718 717 708)
4(683 692 719 710)
4(692 691 718 719)
4(710 719 718 709)
4(684 693 720 711)
4(693 692 719 720)
4(711 720 719 710)
4(685 694 721 712)
4(694 693 720 721)
4(712 721 720 711)
4(686 695 722 713)
4(695 694 721 722)
4(713 722 721 712)
4(611 695 722 608)
4(608 722 713 607)
4(687 444 445 714)
4(714 445 245 476)
4(688 425 426 715)
4(715 426 445 714)
4(689 406 407 716)
4(716 407 426 715)
4(690 387 388 717)
4(717 388 407 716)
4(691 368 369 718)
4(718 369 388 717)
4(692 349 350 719)
4(719 350 369 718)
4(693 330 331 720)
4(720 331 350 719)
4(694 311 312 721)
4(721 312 331 720)
4(695 292 293 722)
4(722 293 312 721)
4(722 608 288 293)
4(62 696 723 63)
4(696 474 477 723)
4(63 723 477 56)
4(81 697 724 82)
4(697 696 723 724)
4(82 724 723 63)
4(100 698 725 101)
4(698 697 724 725)
4(101 725 724 82)
4(119 699 726 120)
4(699 698 725 726)
4(120 726 725 101)
4(138 700 727 139)
4(700 699 726 727)
4(139 727 726 120)
4(157 701 728 158)
4(701 700 727 728)
4(158 728 727 139)
4(176 702 729 177)
4(702 701 728 729)
4(177 729 728 158)
4(195 703 730 196)
4(703 702 729 730)
4(196 730 729 177)
4(214 704 731 215)
4(704 703 730 731)
4(215 731 730 196)
4(606 704 731 603)
4(603 731 215 15)
4(696 705 732 723)
4(705 475 478 732)
4(723 732 478 477)
4(697 706 733 724)
4(706 705 732 733)
4(724 733 732 723)
4(698 707 734 725)
4(707 706 733 734)
4(725 734 733 724)
4(699 708 735 726)
4(708 707 734 735)
4(726 735 734 725)
4(700 709 736 727)
4(709 708 735 736)
4(727 736 735 726)
4(701 710 737 728)
4(710 709 736 737)
4(728 737 736 727)
4(702 711 738 729)
4(711 710 737 738)
4(729 738 737 728)
4(703 712 739 730)
4(712 711 738 739)
4(730 739 738 729)
4(704 713 740 731)
4(713 712 739 740)
4(731 740 739 730)
4(607 713 740 604)
4(604 740 731 603)
4(705 714 741 732)
4(714 476 479 741)
4(732 741 479 478)
4(706 715 742 733)
4(715 714 741 742)
4(733 742 741 732)
4(707 716 743 734)
4(716 715 742 743)
4(734 743 742 733)
4(708 717 744 735)
4(717 716 743 744)
4(735 744 743 734)
4(709 718 745 736)
4(718 717 744 745)
4(736 745 744 735)
4(710 719 746 737)
4(719 718 745 746)
4(737 746 745 736)
4(711 720 747 738)
4(720 719 746 747)
4(738 747 746 737)
4(712 721 748 739)
4(721 720 747 748)
4(739 748 747 738)
4(713 722 749 740)
4(722 721 748 749)
4(740 749 748 739)
4(608 722 749 605)
4(605 749 740 604)
4(714 445 446 741)
4(741 446 246 479)
4(715 426 427 742)
4(742 427 446 741)
4(716 407 408 743)
4(743 408 427 742)
4(717 388 389 744)
4(744 389 408 743)
4(718 369 370 745)
4(745 370 389 744)
4(719 350 351 746)
4(746 351 370 745)
4(720 331 332 747)
4(747 332 351 746)
4(721 312 313 748)
4(748 313 332 747)
4(722 293 294 749)
4(749 294 313 748)
4(749 605 287 294)
4(63 723 750 64)
4(723 477 480 750)
4(64 750 480 55)
4(82 724 751 83)
4(724 723 750 751)
4(83 751 750 64)
4(101 725 752 102)
4(725 724 751 752)
4(102 752 751 83)
4(120 726 753 121)
4(726 725 752 753)
4(121 753 752 102)
4(139 727 754 140)
4(727 726 753 754)
4(140 754 753 121)
4(158 728 755 159)
4(728 727 754 755)
4(159 755 754 140)
4(177 729 756 178)
4(729 728 755 756)
4(178 756 755 159)
4(196 730 757 197)
4(730 729 756 757)
4(197 757 756 178)
4(215 731 758 216)
4(731 730 757 758)
4(216 758 757 197)
4(603 731 758 600)
4(600 758 216 16)
4(723 732 759 750)
4(732 478 481 759)
4(750 759 481 480)
4(724 733 760 751)
4(733 732 759 760)
4(751 760 759 750)
4(725 734 761 752)
4(734 733 760 761)
4(752 761 760 751)
4(726 735 762 753)
4(735 734 761 762)
4(753 762 761 752)
4(727 736 763 754)
4(736 735 762 763)
4(754 763 762 753)
4(728 737 764 755)
4(737 736 763 764)
4(755 764 763 754)
4(729 738 765 756)
4(738 737 764 765)
4(756 765 764 755)
4(730 739 766 757)
4(739 738 765 766)
4(757 766 765 756)
4(731 740 767 758)
4(740 739 766 767)
4(758 767 766 757)
4(604 740 767 601)
4(601 767 758 600)
4(732 741 768 759)
4(741 479 482 768)
4(759 768 482 481)
4(733 742 769 760)
4(742 741 768 769)
4(760 769 768 759)
4(734 743 770 761)
4(743 742 769 770)
4(761 770 769 760)
4(735 744 771 762)
4(744 743 770 771)
4(762 771 770 761)
4(736 745 772 763)
4(745 744 771 772)
4(763 772 771 762)
4(737 746 773 764)
4(746 745 772 773)
4(764 773 772 763)
4(738 747 774 765)
4(747 746 773 774)
4(765 774 773 764)
4(739 748 775 766)
4(748 747 774 775)
4(766 775 774 765)
4(740 749 776 767)
4(749 748 775 776)
4(767 776 775 766)
4(605 749 776 602)
4(602 776 767 601)
4(741 446 447 768)
4(768 447 247 482)
4(742 427 428 769)
4(769 428 447 768)
4(743 408 409 770)
4(770 409 428 769)
4(744 389 390 771)
4(771 390 409 770)
4(745 370 371 772)
4(772 371 390 771)
4(746 351 352 773)
4(773 352 371 772)
4(747 332 333 774)
4(774 333 352 773)
4(748 313 314 775)
4(775 314 333 774)
4(749 294 295 776)
4(776 295 314 775)
4(776 602 286 295)
4(64 750 777 65)
4(750 480 483 777)
4(65 777 483 54)
4(83 751 778 84)
4(751 750 777 778)
4(84 778 777 65)
4(102 752 779 103)
4(752 751 778 779)
4(103 779 778 84)
4(121 753 780 122)
4(753 752 779 780)
4(122 780 779 103)
4(140 754 781 141)
4(754 753 780 781)
4(141 781 780 122)
4(159 755 782 160)
4(755 754 781 782)
4(160 782 781 141)
4(178 756 783 179)
4(756 755 782 783)
4(179 783 782 160)
4(197 757 784 198)
4(757 756 783 784)
4(198 784 783 179)
4(216 758 785 217)
4(758 757 784 785)
4(217 785 784 198)
4(600 758 785 597)
4(597 785 217 17)
4(750 759 786 777)
4(759 481 484 786)
4(777 786 484 483)
4(751 760 787 778)
4(760 759 786 787)
4(778 787 786 777)
4(752 761 788 779)
4(761 760 787 788)
4(779 788 787 778)
4(753 762 789 780)
4(762 761 788 789)
4(780 789 788 779)
4(754 763 790 781)
4(763 762 789 790)
4(781 790 789 780)
4(755 764 791 782)
4(764 763 790 791)
4(782 791 790 781)
4(756 765 792 783)
4(765 764 791 792)
4(783 792 791 782)
4(757 766 793 784)
4(766 765 792 793)
4(784 793 792 783)
4(758 767 794 785)
4(767 766 793 794)
4(785 794 793 784)
4(601 767 794 598)
4(598 794 785 597)
4(759 768 795 786)
4(768 482 485 795)
4(786 795 485 484)
4(760 769 796 787)
4(769 768 795 796)
4(787 796 795 786)
4(761 770 797 788)
4(770 769 796 797)
4(788 797 796 787)
4(762 771 798 789)
4(771 770 797 798)
4(789 798 797 788)
4(763 772 799 790)
4(772 771 798 799)
4(790 799 798 789)
4(764 773 800 791)
4(773 772 799 800)
4(791 800 799 790)
4(765 774 801 792)
4(774 773 800 801)
4(792 801 800 791)
4(766 775 802 793)
4(775 774 801 802)
4(793 802 801 792)
4(767 776 803 794)
4(776 775 802 803)
4(794 803 802 793)
4(602 776 803 599)
4(599 803 794 598)
4(768 447 448 795)
4(795 448 248 485)
4(769 428 429 796)
4(796 429 448 795)
4(770 409 410 797)
4(797 410 429 796)
4(771 390 391 798)
4(798 391 410 797)
4(772 371 372 799)
4(799 372 391 798)
4(773 352 353 800)
4(800 353 372 799)
4(774 333 334 801)
4(801 334 353 800)
4(775 314 315 802)
4(802 315 334 801)
4(776 295 296 803)
4(803 296 315 802)
4(803 599 285 296)
4(65 777 804 66)
4(777 483 486 804)
4(66 804 486 53)
4(84 778 805 85)
4(778 777 804 805)
4(85 805 804 66)
4(103 779 806 104)
4(779 778 805 806)
4(104 806 805 85)
4(122 780 807 123)
4(780 779 806 807)
4(123 807 806 104)
4(141 781 808 142)
4(781 780 807 808)
4(142 808 807 123)
4(160 782 809 161)
4(782 781 808 809)
4(161 809 808 142)
4(179 783 810 180)
4(783 782 809 810)
4(180 810 809 161)
4(198 784 811 199)
4(784 783 810 811)
4(199 811 810 180)
4(217 785 812 218)
4(785 784 811 812)
4(218 812 811 199)
4(597 785 812 594)
4(594 812 218 18)
4(777 786 813 804)
4(786 484 487 813)
4(804 813 487 486)
4(778 787 814 805)
4(787 786 813 814)
4(805 814 813 804)
4(779 788 815 806)
4(788 787 814 815)
4(806 815 814 805)
4(780 789 816 807)
4(789 788 815 816)
4(807 816 815 806)
4(781 790 817 808)
4(790 789 816 817)
4(808 817 816 807)
4(782 791 818 809)
4(791 790 817 818)
4(809 818 817 808)
4(783 792 819 810)
4(792 791 818 819)
4(810 819 818 809)
4(784 793 820 811)
4(793 792 819 820)
4(811 820 819 810)
4(785 794 821 812)
4(794 793 820 821)
4(812 821 820 811)
4(598 794 821 595)
4(595 821 812 594)
4(786 795 822 813)
4(795 485 488 822)
4(813 822 488 487)
4(787 796 823 814)
4(796 795 822 823)
4(814 823 822 813)
4(788 797 824 815)
4(797 796 823 824)
4(815 824 823 814)
4(789 798 825 816)
4(798 797 824 825)
4(816 825 824 815)
4(790 799 826 817)
4(799 798 825 826)
4(817 826 825 816)
4(791 800 827 818)
4(800 799 826 827)
4(818 827 826 817)
4(792 801 828 819)
4(801 800 827 828)
4(819 828 827 818)
4(793 802 829 820)
4(802 801 828 829)
4(820 829 828 819)
4(794 803 830 821)
4(803 802 829 830)
4(821 830 829 820)
4(599 803 830 596)
4(596 830 821 595)
4(795 448 449 822)
4(822 449 249 488)
4(796 429 430 823)
4(823 430 449 822)
4(797 410 411 824)
4(824 411 430 823)
4(798 391 392 825)
4(825 392 411 824)
4(799 372 373 826)
4(826 373 392 825)
4(800 353 354 827)
4(827 354 373 826)
4(801 334 335 828)
4(828 335 354 827)
4(802 315 316 829)
4(829 316 335 828)
4(803 296 297 830)
4(830 297 316 829)
4(830 596 284 297)
4(66 804 831 67)
4(804 486 489 831)
4(67 831 489 52)
4(85 805 832 86)
4(805 804 831 832)
4(86 832 831 67)
4(104 806 833 105)
4(806 805 832 833)
4(105 833 832 86)
4(123 807 834 124)
4(807 806 833 834)
4(124 834 833 105)
4(142 808 835 143)
4(808 807 834 835)
4(143 835 834 124)
4(161 809 836 162)
4(809 808 835 836)
4(162 836 835 143)
4(180 810 837 181)
4(810 809 836 837)
4(181 837 836 162)
4(199 811 838 200)
4(811 810 837 838)
4(200 838 837 181)
4(218 812 839 219)
4(812 811 838 839)
4(219 839 838 200)
4(594 812 839 591)
4(591 839 219 19)
4(804 813 840 831)
4(813 487 490 840)
4(831 840 490 489)
4(805 814 841 832)
4(814 813 840 841)
4(832 841 840 831)
4(806 815 842 833)
4(815 814 841 842)
4(833 842 841 832)
4(807 816 843 834)
4(816 815 842 843)
4(834 843 842 833)
4(808 817 844 835)
4(817 816 843 844)
4(835 844 843 834)
4(809 818 845 836)
4(818 817 844 845)
4(836 845 844 835)
4(810 819 846 837)
4(819 818 845 846)
4(837 846 845 836)
4(811 820 847 838)
4(820 819 846 847)
4(838 847 846 837)
4(812 821 848 839)
4(821 820 847 848)
4(839 848 847 838)
4(595 821 848 592)
4(592 848 839 591)
4(813 822 849 840)
4(822 488 491 849)
4(840 849 491 490)
4(814 823 850 841)
4(823 822 849 850)
4(841 850 849 840)
4(815 824 851 842)
4(824 823 850 851)
4(842 851 850 841)
4(816 825 852 843)
4(825 824 851 852)
4(843 852 851 842)
4(817 826 853 844)
4(826 825 852 853)
4(844 853 852 843)
4(818 827 854 845)
4(827 826 853 854)
4(845 854 853 844)
4(819 828 855 846)
4(828 827 854 855)
4(846 855 854 845)
4(820 829 856 847)
4(829 828 855 856)
4(847 856 855 846)
4(821 830 857 848)
4(830 829 856 857)
4(848 857 856 847)
4(596 830 857 593)
4(593 857 848 592)
4(822 449 450 849)
4(849 450 250 491)
4(823 430 431 850)
4(850 431 450 849)
4(824 411 412 851)
4(851 412 431 850)
4(825 392 393 852)
4(852 393 412 851)
4(826 373 374 853)
4(853 374 393 852)
4(827 354 355 854)
4(854 355 374 853)
4(828 335 336 855)
4(855 336 355 854)
4(829 316 317 856)
4(856 317 336 855)
4(830 297 298 857)
4(857 298 317 856)
4(857 593 283 298)
4(67 831 858 68)
4(831 489 492 858)
4(68 858 492 51)
4(86 832 859 87)
4(832 831 858 859)
4(87 859 858 68)
4(105 833 860 106)
4(833 832 859 860)
4(106 860 859 87)
4(124 834 861 125)
4(834 833 860 861)
4(125 861 860 106)
4(143 835 862 144)
4(835 834 861 862)
4(144 862 861 125)
4(162 836 863 163)
4(836 835 862 863)
4(163 863 862 144)
4(181 837 864 182)
4(837 836 863 864)
4(182 864 863 163)
4(200 838 865 201)
4(838 837 864 865)
4(201 865 864 182)
4(219 839 866 220)
4(839 838 865 866)
4(220 866 865 201)
4(591 839 866 588)
4(588 866 220 20)
4(831 840 867 858)
4(840 490 493 867)
4(858 867 493 492)
4(832 841 868 859)
4(841 840 867 868)
4(859 868 867 858)
4(833 842 869 860)
4(842 841 868 869)
4(860 869 868 859)
4(834 843 870 861)
4(843 842 869 870)
4(861 870 869 860)
4(835 844 871 862)
4(844 843 870 871)
4(862 871 870 861)
4(836 845 872 863)
4(845 844 871 872)
4(863 872 871 862)
4(837 846 873 864)
4(846 845 872 873)
4(864 873 872 863)
4(838 847 874 865)
4(847 846 873 874)
4(865 874 873 864)
4(839 848 875 866)
4(848 847 874 875)
4(866 875 874 865)
4(592 848 875 589)
4(589 875 866 588)
4(840 849 876 867)
4(849 491 494 876)
4(867 876 494 493)
4(841 850 877 868)
4(850 849 876 877)
4(868 877 876 867)
4(842 851 878 869)
4(851 850 877 878)
4(869 878 877 868)
4(843 852 879 870)
4(852 851 878 879)
4(870 879 878 869)
4(844 853 880 871)
4(853 852 879 880)
4(871 880 879 870)
4(845 854 881 872)
4(854 853 880 881)
4(872 881 880 871)
4(846 855 882 873)
4(855 854 881 882)
4(873 882 881 872)
4(847 856 883 874)
4(856 855 882 883)
4(874 883 882 873)
4(848 857 884 875)
4(857 856 883 884)
4(875 884 883 874)
4(593 857 884 590)
4(590 884 875 589)
4(849 450 451 876)
4(876 451 251 494)
4(850 431 432 877)
4(877 432 451 876)
4(851 412 413 878)
4(878 413 432 877)
4(852 393 394 879)
4(879 394 413 878)
4(853 374 375 880)
4(880 375 394 879)
4(854 355 356 881)
4(881 356 375 880)
4(855 336 337 882)
4(882 337 356 881)
4(856 317 318 883)
4(883 318 337 882)
4(857 298 299 884)
4(884 299 318 883)
4(884 590 282 299)
4(68 858 885 69)
4(858 492 495 885)
4(69 885 495 50)
4(87 859 886 88)
4(859 858 885 886)
4(88 886 885 69)
4(106 860 887 107)
4(860 859 886 887)
4(107 887 886 88)
4(125 861 888 126)
4(861 860 887 888)
4(126 888 887 107)
4(144 862 889 145)
4(862 861 888 889)
4(145 889 888 126)
4(163 863 890 164)
4(863 862 889 890)
4(164 890 889 145)
4(182 864 891 183)
4(864 863 890 891)
4(183 891 890 164)
4(201 865 892 202)
4(865 864 891 892)
4(202 892 891 183)
4(220 866 893 221)
4(866 865 892 893)
4(221 893 892 202)
4(588 866 893 585)
4(585 893 221 21)
4(858 867 894 885)
4(867 493 496 894)
4(885 894 496 495)
4(859 868 895 886)
4(868 867 894 895)
4(886 895 894 885)
4(860 869 896 887)
4(869 868 895 896)
4(887 896 895 886)
4(861 870 897 888)
4(870 869 896 897)
4(888 897 896 887)
4(862 871 898 889)
4(871 870 897 898)
4(889 898 897 888)
4(863 872 899 890)
4(872 871 898 899)
4(890 899 898 889)
4(864 873 900 891)
4(873 872 899 900)
4(891 900 899 890)
4(865 874 901 892)
4(874 873 900 901)
4(892 901 900 891)
4(866 875 902 893)
4(875 874 901 902)
4(893 902 901 892)
4(589 875 902 586)
4(586 902 893 585)
4(867 876 903 894)
4(876 494 497 903)
4(894 903 497 496)
4(868 877 904 895)
4(877 876 903 904)
4(895 904 903 894)
4(869 878 905 896)
4(878 877 904 905)
4(896 905 904 895)
4(870 879 906 897)
4(879 878 905 906)
4(897 906 905 896)
4(871 880 907 898)
4(880 879 906 907)
4(898 907 906 897)
4(872 881 908 899)
4(881 880 907 908)
4(899 908 907 898)
4(873 882 909 900)
4(882 881 908 909)
4(900 909 908 899)
4(874 883 910 901)
4(883 882 909 910)
4(901 910 909 900)
4(875 884 911 902)
4(884 883 910 911)
4(902 911 910 901)
4(590 884 911 587)
4(587 911 902 586)
4(876 451 452 903)
4(903 452 252 497)
4(877 432 433 904)
4(904 433 452 903)
4(878 413 414 905)
4(905 414 433 904)
4(879 394 395 906)
4(906 395 414 905)
4(880 375 376 907)
4(907 376 395 906)
4(881 356 357 908)
4(908 357 376 907)
4(882 337 338 909)
4(909 338 357 908)
4(883 318 319 910)
4(910 319 338 909)
4(884 299 300 911)
4(911 300 319 910)
4(911 587 281 300)
4(69 885 912 70)
4(885 495 498 912)
4(70 912 498 49)
4(88 886 913 89)
4(886 885 912 913)
4(89 913 912 70)
4(107 887 914 108)
4(887 886 913 914)
4(108 914 913 89)
4(126 888 915 127)
4(888 887 914 915)
4(127 915 914 108)
4(145 889 916 146)
4(889 888 915 916)
4(146 916 915 127)
4(164 890 917 165)
4(890 889 916 917)
4(165 917 916 146)
4(183 891 918 184)
4(891 890 917 918)
4(184 918 917 165)
4(202 892 919 203)
4(892 891 918 919)
4(203 919 918 184)
4(221 893 920 222)
4(893 892 919 920)
4(222 920 919 203)
4(585 893 920 582)
4(582 920 222 22)
4(885 894 921 912)
4(894 496 499 921)
4(912 921 499 498)
4(886 895 922 913)
4(895 894 921 922)
4(913 922 921 912)
4(887 896 923 914)
4(896 895 922 923)
4(914 923 922 913)
4(888 897 924 915)
4(897 896 923 924)
4(915 924 923 914)
4(889 898 925 916)
4(898 897 924 925)
4(916 925 924 915)
4(890 899 926 917)
4(899 898 925 926)
4(917 926 925 916)
4(891 900 927 918)
4(900 899 926 927)
4(918 927 926 917)
4(892 901 928 919)
4(901 900 927 928)
4(919 928 927 918)
4(893 902 929 920)
4(902 901 928 929)
4(920 929 928 919)
4(586 902 929 583)
4(583 929 920 582)
4(894 903 930 921)
4(903 497 500 930)
4(921 930 500 499)
4(895 904 931 922)
4(904 903 930 931)
4(922 931 930 921)
4(896 905 932 923)
4(905 904 931 932)
4(923 932 931 922)
4(897 906 933 924)
4(906 905 932 933)
4(924 933 932 923)
4(898 907 934 925)
4(907 906 933 934)
4(925 934 933 924)
4(899 908 935 926)
4(908 907 934 935)
4(926 935 934 925)
4(900 909 936 927)
4(909 908 935 936)
4(927 936 935 926)
4(901 910 937 928)
4(910 909 936 937)
4(928 937 936 927)
4(902 911 938 929)
4(911 910 937 938)
4(929 938 937 928)
4(587 911 938 584)
4(584 938 929 583)
4(903 452 453 930)
4(930 453 253 500)
4(904 433 434 931)
4(931 434 453 930)
4(905 414 415 932)
4(932 415 434 931)
4(906 395 396 933)
4(933 396 415 932)
4(907 376 377 934)
4(934 377 396 933)
4(908 357 358 935)
4(935 358 377 934)
4(909 338 339 936)
4(936 339 358 935)
4(910 319 320 937)
4(937 320 339 936)
4(911 300 301 938)
4(938 301 320 937)
4(938 584 280 301)
4(70 912 939 71)
4(912 498 501 939)
4(71 939 501 48)
4(89 913 940 90)
4(913 912 939 940)
4(90 940 939 71)
4(108 914 941 109)
4(914 913 940 941)
4(109 941 940 90)
4(127 915 942 128)
4(915 914 941 942)
4(128 942 941 109)
4(146 916 943 147)
4(916 915 942 943)
4(147 943 942 128)
4(165 917 944 166)
4(917 916 943 944)
4(166 944 943 147)
4(184 918 945 185)
4(918 917 944 945)
4(185 945 944 166)
4(203 919 946 204)
4(919 918 945 946)
4(204 946 945 185)
4(222 920 947 223)
4(920 919 946 947)
4(223 947 946 204)
4(582 920 947 579)
4(579 947 223 23)
4(912 921 948 939)
4(921 499 502 948)
4(939 948 502 501)
4(913 922 949 940)
4(922 921 948 949)
4(940 949 948 939)
4(914 923 950 941)
4(923 922 949 950)
4(941 950 949 940)
4(915 924 951 942)
4(924 923 950 951)
4(942 951 950 941)
4(916 925 952 943)
4(925 924 951 952)
4(943 952 951 942)
4(917 926 953 944)
4(926 925 952 953)
4(944 953 952 943)
4(918 927 954 945)
4(927 926 953 954)
4(945 954 953 944)
4(919 928 955 946)
4(928 927 954 955)
4(946 955 954 945)
4(920 929 956 947)
4(929 928 955 956)
4(947 956 955 946)
4(583 929 956 580)
4(580 956 947 579)
4(921 930 957 948)
4(930 500 503 957)
4(948 957 503 502)
4(922 931 958 949)
4(931 930 957 958)
4(949 958 957 948)
4(923 932 959 950)
4(932 931 958 959)
4(950 959 958 949)
4(924 933 960 951)
4(933 932 959 960)
4(951 960 959 950)
4(925 934 961 952)
4(934 933 960 961)
4(952 961 960 951)
4(926 935 962 953)
4(935 934 961 962)
4(953 962 961 952)
4(927 936 963 954)
4(936 935 962 963)
4(954 963 962 953)
4(928 937 964 955)
4(937 936 963 964)
4(955 964 963 954)
4(929 938 965 956)
4(938 937 964 965)
4(956 965 964 955)
4(584 938 965 581)
4(581 965 956 580)
4(930 453 454 957)
4(957 454 254 503)
4(931 434 435 958)
4(958 435 454 957)
4(932 415 416 959)
4(959 416 435 958)
4(933 396 397 960)
4(960 397 416 959)
4(934 377 378 961)
4(961 378 397 960)
4(935 358 359 962)
4(962 359 378 961)
4(936 339 340 963)
4(963 340 359 962)
4(937 320 321 964)
4(964 321 340 963)
4(938 301 302 965)
4(965 302 321 964)
4(965 581 279 302)
4(71 939 966 72)
4(939 501 504 966)
4(72 966 504 47)
4(90 940 967 91)
4(940 939 966 967)
4(91 967 966 72)
4(109 941 968 110)
4(941 940 967 968)
4(110 968 967 91)
4(128 942 969 129)
4(942 941 968 969)
4(129 969 968 110)
4(147 943 970 148)
4(943 942 969 970)
4(148 970 969 129)
4(166 944 971 167)
4(944 943 970 971)
4(167 971 970 148)
4(185 945 972 186)
4(945 944 971 972)
4(186 972 971 167)
4(204 946 973 205)
4(946 945 972 973)
4(205 973 972 186)
4(223 947 974 224)
4(947 946 973 974)
4(224 974 973 205)
4(579 947 974 576)
4(576 974 224 24)
4(939 948 975 966)
4(948 502 505 975)
4(966 975 505 504)
4(940 949 976 967)
4(949 948 975 976)
4(967 976 975 966)
4(941 950 977 968)
4(950 949 976 977)
4(968 977 976 967)
4(942 951 978 969)
4(951 950 977 978)
4(969 978 977 968)
4(943 952 979 970)
4(952 951 978 979)
4(970 979 978 969)
4(944 953 980 971)
4(953 952 979 980)
4(971 980 979 970)
4(945 954 981 972)
4(954 953 980 981)
4(972 981 980 971)
4(946 955 982 973)
4(955 954 981 982)
4(973 982 981 972)
4(947 956 983 974)
4(956 955 982 983)
4(974 983 982 973)
4(580 956 983 577)
4(577 983 974 576)
4(948 957 984 975)
4(957 503 506 984)
4(975 984 506 505)
4(949 958 985 976)
4(958 957 984 985)
4(976 985 984 975)
4(950 959 986 977)
4(959 958 985 986)
4(977 986 985 976)
4(951 960 987 978)
4(960 959 986 987)
4(978 987 986 977)
4(952 961 988 979)
4(961 960 987 988)
4(979 988 987 978)
4(953 962 989 980)
4(962 961 988 989)
4(980 989 988 979)
4(954 963 990 981)
4(963 962 989 990)
4(981 990 989 980)
4(955 964 991 982)
4(964 963 990 991)
4(982 991 990 981)
4(956 965 992 983)
4(965 964 991 992)
4(983 992 991 982)
4(581 965 992 578)
4(578 992 983 577)
4(957 454 455 984)
4(984 455 255 506)
4(958 435 436 985)
4(985 436 455 984)
4(959 416 417 986)
4(986 417 436 985)
4(960 397 398 987)
4(987 398 417 986)
4(961 378 379 988)
4(988 379 398 987)
4(962 359 360 989)
4(989 360 379 988)
4(963 340 341 990)
4(990 341 360 989)
4(964 321 322 991)
4(991 322 341 990)
4(965 302 303 992)
4(992 303 322 991)
4(992 578 278 303)
4(72 966 993 73)
4(966 504 507 993)
4(73 993 507 46)
4(91 967 994 92)
4(967 966 993 994)
4(92 994 993 73)
4(110 968 995 111)
4(968 967 994 995)
4(111 995 994 92)
4(129 969 996 130)
4(969 968 995 996)
4(130 996 995 111)
4(148 970 997 149)
4(970 969 996 997)
4(149 997 996 130)
4(167 971 998 168)
4(971 970 997 998)
4(168 998 997 149)
4(186 972 999 187)
4(972 971 998 999)
4(187 999 998 168)
4(205 973 1000 206)
4(973 972 999 1000)
4(206 1000 999 187)
4(224 974 1001 225)
4(974 973 1000 1001)
4(225 1001 1000 206)
4(576 974 1001 573)
4(573 1001 225 25)
4(966 975 1002 993)
4(975 505 508 1002)
4(993 1002 508 507)
4(967 976 1003 994)
4(976 975 1002 1003)
4(994 1003 1002 993)
4(968 977 1004 995)
4(977 976 1003 1004)
4(995 1004 1003 994)
4(969 978 1005 996)
4(978 977 1004 1005)
4(996 1005 1004 995)
4(970 979 1006 997)
4(979 978 1005 1006)
4(997 1006 1005 996)
4(971 980 1007 998)
4(980 979 1006 1007)
4(998 1007 1006 997)
4(972 981 1008 999)
4(981 980 1007 1008)
4(999 1008 1007 998)
4(973 982 1009 1000)
4(982 981 1008 1009)
4(1000 1009 1008 999)
4(974 983 1010 1001)
4(983 982 1009 1010)
4(1001 1010 1009 1000)
4(577 983 1010 574)
4(574 1010 1001 573)
4(975 984 1011 1002)
4(984 506 509 1011)
4(1002 1011 509 508)
4(976 985 1012 1003)
4(985 984 1011 1012)
4(1003 1012 1011 1002)
4(977 986 1013 1004)
4(986 985 1012 1013)
4(1004 1013 1012 1003)
4(978 987 1014 1005)
4(987 986 1013 1014)
4(1005 1014 1013 1004)
4(979 988 1015 1006)
4(988 987 1014 1015)
4(1006 1015 1014 1005)
4(980 989 1016 1007)
4(989 988 1015 1016)
4(1007 1016 1015 1006)
4(981 990 1017 1008)
4(990 989 1016 1017)
4(1008 1017 1016 1007)
4(982 991 1018 1009)
4(991 990 1017 1018)
4(1009 1018 1017 1008)
4(983 992 1019 1010)
4(992 991 1018 1019)
4(1010 1019 1018 1009)
4(578 992 1019 575)
4(575 1019 1010 574)
4(984 455 456 1011)
4(1011 456 256 509)
4(985 436 437 1012)
4(1012 437 456 1011)
4(986 417 418 1013)
4(1013 418 437 1012)
4(987 398 399 1014)
4(1014 399 418 1013)
4(988 379 380 1015)
4(1015 380 399 1014)
4(989 360 361 1016)
4(1016 361 380 1015)
4(990 341 342 1017)
4(1017 342 361 1016)
4(991 322 323 1018)
4(1018 323 342 1017)
4(992 303 304 1019)
4(1019 304 323 1018)
4(1019 575 277 304)
4(73 993 1020 74)
4(993 507 510 1020)
4(74 1020 510 45)
4(92 994 1021 93)
4(994 993 1020 1021)
4(93 1021 1020 74)
4(111 995 1022 112)
4(995 994 1021 1022)
4(112 1022 1021 93)
4(130 996 1023 131)
4(996 995 1022 1023)
4(131 1023 1022 112)
4(149 997 1024 150)
4(997 996 1023 1024)
4(150 1024 1023 131)
4(168 998 1025 169)
4(998 997 1024 1025)
4(169 1025 1024 150)
4(187 999 1026 188)
4(999 998 1025 1026)
4(188 1026 1025 169)
4(206 1000 1027 207)
4(1000 999 1026 1027)
4(207 1027 1026 188)
4(225 1001 1028 226)
4(1001 1000 1027 1028)
4(226 1028 1027 207)
4(573 1001 1028 570)
4(570 1028 226 26)
4(993 1002 1029 1020)
4(1002 508 511 1029)
4(1020 1029 511 510)
4(994 1003 1030 1021)
4(1003 1002 1029 1030)
4(1021 1030 1029 1020)
4(995 1004 1031 1022)
4(1004 1003 1030 1031)
4(1022 1031 1030 1021)
4(996 1005 1032 1023)
4(1005 1004 1031 1032)
4(1023 1032 1031 1022)
4(997 1006 1033 1024)
4(1006 1005 1032 1033)
4(1024 1033 1032 1023)
4(998 1007 1034 1025)
4(1007 1006 1033 1034)
4(1025 1034 1033 1024)
4(999 1008 1035 1026)
4(1008 1007 1034 1035)
4(1026 1035 1034 1025)
4(1000 1009 1036 1027)
4(1009 1008 1035 1036)
4(1027 1036 1035 1026)
4(1001 1010 1037 1028)
4(1010 1009 1036 1037)
4(1028 1037 1036 1027)
4(574 1010 1037 571)
4(571 1037 1028 570)
4(1002 1011 1038 1029)
4(1011 509 512 1038)
4(1029 1038 512 511)
4(1003 1012 1039 1030)
4(1012 1011 1038 1039)
4(1030 1039 1038 1029)
4(1004 1013 1040 1031)
4(1013 1012 1039 1040)
4(1031 1040 1039 1030)
4(1005 1014 1041 1032)
4(1014 1013 1040 1041)
4(1032 1041 1040 1031)
4(1006 1015 1042 1033)
4(1015 1014 1041 1042)
4(1033 1042 1041 1032)
4(1007 1016 1043 1034)
4(1016 1015 1042 1043)
4(1034 1043 1042 1033)
4(1008 1017 1044 1035)
4(1017 1016 1043 1044)
4(1035 1044 1043 1034)
4(1009 1018 1045 1036)
4(1018 1017 1044 1045)
4(1036 1045 1044 1035)
4(1010 1019 1046 1037)
4(1019 1018 1045 1046)
4(1037 1046 1045 1036)
4(575 1019 1046 572)
4(572 1046 1037 571)
4(1011 456 457 1038)
4(1038 457 257 512)
4(1012 437 438 1039)
4(1039 438 457 1038)
4(1013 418 419 1040)
4(1040 419 438 1039)
4(1014 399 400 1041)
4(1041 400 419 1040)
4(1015 380 381 1042)
4(1042 381 400 1041)
4(1016 361 362 1043)
4(1043 362 381 1042)
4(1017 342 343 1044)
4(1044 343 362 1043)
4(1018 323 324 1045)
4(1045 324 343 1044)
4(1019 304 305 1046)
4(1046 305 324 1045)
4(1046 572 276 305)
4(74 1020 1047 75)
4(1020 510 513 1047)
4(75 1047 513 44)
4(93 1021 1048 94)
4(1021 1020 1047 1048)
4(94 1048 1047 75)
4(112 1022 1049 113)
4(1022 1021 1048 1049)
4(113 1049 1048 94)
4(131 1023 1050 132)
4(1023 1022 1049 1050)
4(132 1050 1049 113)
4(150 1024 1051 151)
4(1024 1023 1050 1051)
4(151 1051 1050 132)
4(169 1025 1052 170)
4(1025 1024 1051 1052)
4(170 1052 1051 151)
4(188 1026 1053 189)
4(1026 1025 1052 1053)
4(189 1053 1052 170)
4(207 1027 1054 208)
4(1027 1026 1053 1054)
4(208 1054 1053 189)
4(226 1028 1055 227)
4(1028 1027 1054 1055)
4(227 1055 1054 208)
4(570 1028 1055 567)
4(567 1055 227 27)
4(1020 1029 1056 1047)
4(1029 511 514 1056)
4(1047 1056 514 513)
4(1021 1030 1057 1048)
4(1030 1029 1056 1057)
4(1048 1057 1056 1047)
4(1022 1031 1058 1049)
4(1031 1030 1057 1058)
4(1049 1058 1057 1048)
4(1023 1032 1059 1050)
4(1032 1031 1058 1059)
4(1050 1059 1058 1049)
4(1024 1033 1060 1051)
4(1033 1032 1059 1060)
4(1051 1060 1059 1050)
4(1025 1034 1061 1052)
4(1034 1033 1060 1061)
4(1052 1061 1060 1051)
4(1026 1035 1062 1053)
4(1035 1034 1061 1062)
4(1053 1062 1061 1052)
4(1027 1036 1063 1054)
4(1036 1035 1062 1063)
4(1054 1063 1062 1053)
4(1028 1037 1064 1055)
4(1037 1036 1063 1064)
4(1055 1064 1063 1054)
4(571 1037 1064 568)
4(568 1064 1055 567)
4(1029 1038 1065 1056)
4(1038 512 515 1065)
4(1056 1065 515 514)
4(1030 1039 1066 1057)
4(1039 1038 1065 1066)
4(1057 1066 1065 1056)
4(1031 1040 1067 1058)
4(1040 1039 1066 1067)
4(1058 1067 1066 1057)
4(1032 1041 1068 1059)
4(1041 1040 1067 1068)
4(1059 1068 1067 1058)
4(1033 1042 1069 1060)
4(1042 1041 1068 1069)
4(1060 1069 1068 1059)
4(1034 1043 1070 1061)
4(1043 1042 1069 1070)
4(1061 1070 1069 1060)
4(1035 1044 1071 1062)
4(1044 1043 1070 1071)
4(1062 1071 1070 1061)
4(1036 1045 1072 1063)
4(1045 1044 1071 1072)
4(1063 1072 1071 1062)
4(1037 1046 1073 1064)
4(1046 1045 1072 1073)
4(1064 1073 1072 1063)
4(572 1046 1073 569)
4(569 1073 1064 568)
4(1038 457 458 1065)
4(1065 458 258 515)
4(1039 438 439 1066)
4(1066 439 458 1065)
4(1040 419 420 1067)
4(1067 420 439 1066)
4(1041 400 401 1068)
4(1068 401 420 1067)
4(1042 381 382 1069)
4(1069 382 401 1068)
4(1043 362 363 1070)
4(1070 363 382 1069)
4(1044 343 344 1071)
4(1071 344 363 1070)
4(1045 324 325 1072)
4(1072 325 344 1071)
4(1046 305 306 1073)
4(1073 306 325 1072)
4(1073 569 275 306)
4(75 1047 1074 76)
4(1047 513 516 1074)
4(76 1074 516 43)
4(94 1048 1075 95)
4(1048 1047 1074 1075)
4(95 1075 1074 76)
4(113 1049 1076 114)
4(1049 1048 1075 1076)
4(114 1076 1075 95)
4(132 1050 1077 133)
4(1050 1049 1076 1077)
4(133 1077 1076 114)
4(151 1051 1078 152)
4(1051 1050 1077 1078)
4(152 1078 1077 133)
4(170 1052 1079 171)
4(1052 1051 1078 1079)
4(171 1079 1078 152)
4(189 1053 1080 190)
4(1053 1052 1079 1080)
4(190 1080 1079 171)
4(208 1054 1081 209)
4(1054 1053 1080 1081)
4(209 1081 1080 190)
4(227 1055 1082 228)
4(1055 1054 1081 1082)
4(228 1082 1081 209)
4(567 1055 1082 564)
4(564 1082 228 28)
4(1047 1056 1083 1074)
4(1056 514 517 1083)
4(1074 1083 517 516)
4(1048 1057 1084 1075)
4(1057 1056 1083 1084)
4(1075 1084 1083 1074)
4(1049 1058 1085 1076)
4(1058 1057 1084 1085)
4(1076 1085 1084 1075)
4(1050 1059 1086 1077)
4(1059 1058 1085 1086)
4(1077 1086 1085 1076)
4(1051 1060 1087 1078)
4(1060 1059 1086 1087)
4(1078 1087 1086 1077)
4(1052 1061 1088 1079)
4(1061 1060 1087 1088)
4(1079 1088 1087 1078)
4(1053 1062 1089 1080)
4(1062 1061 1088 1089)
4(1080 1089 1088 1079)
4(1054 1063 1090 1081)
4(1063 1062 1089 1090)
4(1081 1090 1089 1080)
4(1055 1064 1091 1082)
4(1064 1063 1090 1091)
4(1082 1091 1090 1081)
4(568 1064 1091 565)
4(565 1091 1082 564)
4(1056 1065 1092 1083)
4(1065 515 518 1092)
4(1083 1092 518 517)
4(1057 1066 1093 1084)
4(1066 1065 1092 1093)
4(1084 1093 1092 1083)
4(1058 1067 1094 1085)
4(1067 1066 1093 1094)
4(1085 1094 1093 1084)
4(1059 1068 1095 1086)
4(1068 1067 1094 1095)
4(1086 1095 1094 1085)
4(1060 1069 1096 1087)
4(1069 1068 1095 1096)
4(1087 1096 1095 1086)
4(1061 1070 1097 1088)
4(1070 1069 1096 1097)
4(1088 1097 1096 1087)
4(1062 1071 1098 1089)
4(1071 1070 1097 1098)
4(1089 1098 1097 1088)
4(1063 1072 1099 1090)
4(1072 1071 1098 1099)
4(1090 1099 1098 1089)
4(1064 1073 1100 1091)
4(1073 1072 1099 1100)
4(1091 1100 1099 1090)
4(569 1073 1100 566)
4(566 1100 1091 565)
4(1065 458 459 1092)
4(1092 459 259 518)
4(1066 439 440 1093)
4(1093 440 459 1092)
4(1067 420 421 1094)
4(1094 421 440 1093)
4(1068 401 402 1095)
4(1095 402 421 1094)
4(1069 382 383 1096)
4(1096 383 402 1095)
4(1070 363 364 1097)
4(1097 364 383 1096)
4(1071 344 345 1098)
4(1098 345 364 1097)
4(1072 325 326 1099)
4(1099 326 345 1098)
4(1073 306 307 1100)
4(1100 307 326 1099)
4(1100 566 274 307)
4(76 1074 1101 77)
4(1074 516 519 1101)
4(77 1101 519 42)
4(95 1075 1102 96)
4(1075 1074 1101 1102)
4(96 1102 1101 77)
4(114 1076 1103 115)
4(1076 1075 1102 1103)
4(115 1103 1102 96)
4(133 1077 1104 134)
4(1077 1076 1103 1104)
4(134 1104 1103 115)
4(152 1078 1105 153)
4(1078 1077 1104 1105)
4(153 1105 1104 134)
4(171 1079 1106 172)
4(1079 1078 1105 1106)
4(172 1106 1105 153)
4(190 1080 1107 191)
4(1080 1079 1106 1107)
4(191 1107 1106 172)
4(209 1081 1108 210)
4(1081 1080 1107 1108)
4(210 1108 1107 191)
4(228 1082 1109 229)
4(1082 1081 1108 1109)
4(229 1109 1108 210)
4(564 1082 1109 561)
4(561 1109 229 29)
4(1074 1083 1110 1101)
4(1083 517 520 1110)
4(1101 1110 520 519)
4(1075 1084 1111 1102)
4(1084 1083 1110 1111)
4(1102 1111 1110 1101)
4(1076 1085 1112 1103)
4(1085 1084 1111 1112)
4(1103 1112 1111 1102)
4(1077 1086 1113 1104)
4(1086 1085 1112 1113)
4(1104 1113 1112 1103)
4(1078 1087 1114 1105)
4(1087 1086 1113 1114)
4(1105 1114 1113 1104)
4(1079 1088 1115 1106)
4(1088 1087 1114 1115)
4(1106 1115 1114 1105)
4(1080 1089 1116 1107)
4(1089 1088 1115 1116)
4(1107 1116 1115 1106)
4(1081 1090 1117 1108)
4(1090 1089 1116 1117)
4(1108 1117 1116 1107)
4(1082 1091 1118 1109)
4(1091 1090 1117 1118)
4(1109 1118 1117 1108)
4(565 1091 1118 562)
4(562 1118 1109 561)
4(1083 1092 1119 1110)
4(1092 518 521 1119)
4(1110 1119 521 520)
4(1084 1093 1120 1111)
4(1093 1092 1119 1120)
4(1111 1120 1119 1110)
4(1085 1094 1121 1112)
4(1094 1093 1120 1121)
4(1112 1121 1120 1111)
4(1086 1095 1122 1113)
4(1095 1094 1121 1122)
4(1113 1122 1121 1112)
4(1087 1096 1123 1114)
4(1096 1095 1122 1123)
4(1114 1123 1122 1113)
4(1088 1097 1124 1115)
4(1097 1096 1123 1124)
4(1115 1124 1123 1114)
4(1089 1098 1125 1116)
4(1098 1097 1124 1125)
4(1116 1125 1124 1115)
4(1090 1099 1126 1117)
4(1099 1098 1125 1126)
4(1117 1126 1125 1116)
4(1091 1100 1127 1118)
4(1100 1099 1126 1127)
4(1118 1127 1126 1117)
4(566 1100 1127 563)
4(563 1127 1118 562)
4(1092 459 460 1119)
4(1119 460 260 521)
4(1093 440 441 1120)
4(1120 441 460 1119)
4(1094 421 422 1121)
4(1121 422 441 1120)
4(1095 402 403 1122)
4(1122 403 422 1121)
4(1096 383 384 1123)
4(1123 384 403 1122)
4(1097 364 365 1124)
4(1124 365 384 1123)
4(1098 345 346 1125)
4(1125 346 365 1124)
4(1099 326 327 1126)
4(1126 327 346 1125)
4(1100 307 308 1127)
4(1127 308 327 1126)
4(1127 563 273 308)
4(77 1101 1128 78)
4(1101 519 522 1128)
4(78 1128 522 41)
4(96 1102 1129 97)
4(1102 1101 1128 1129)
4(97 1129 1128 78)
4(115 1103 1130 116)
4(1103 1102 1129 1130)
4(116 1130 1129 97)
4(134 1104 1131 135)
4(1104 1103 1130 1131)
4(135 1131 1130 116)
4(153 1105 1132 154)
4(1105 1104 1131 1132)
4(154 1132 1131 135)
4(172 1106 1133 173)
4(1106 1105 1132 1133)
4(173 1133 1132 154)
4(191 1107 1134 192)
4(1107 1106 1133 1134)
4(192 1134 1133 173)
4(210 1108 1135 211)
4(1108 1107 1134 1135)
4(211 1135 1134 192)
4(229 1109 1136 230)
4(1109 1108 1135 1136)
4(230 1136 1135 211)
4(561 1109 1136 558)
4(558 1136 230 30)
4(1101 1110 1137 1128)
4(1110 520 523 1137)
4(1128 1137 523 522)
4(1102 1111 1138 1129)
4(1111 1110 1137 1138)
4(1129 1138 1137 1128)
4(1103 1112 1139 1130)
4(1112 1111 1138 1139)
4(1130 1139 1138 1129)
4(1104 1113 1140 1131)
4(1113 1112 1139 1140)
4(1131 1140 1139 1130)
4(1105 1114 1141 1132)
4(1114 1113 1140 1141)
4(1132 1141 1140 1131)
4(1106 1115 1142 1133)
4(1115 1114 1141 1142)
4(1133 1142 1141 1132)
4(1107 1116 1143 1134)
4(1116 1115 1142 1143)
4(1134 1143 1142 1133)
4(1108 1117 1144 1135)
4(1117 1116 1143 1144)
4(1135 1144 1143 1134)
4(1109 1118 1145 1136)
4(1118 1117 1144 1145)
4(1136 1145 1144 1135)
4(562 1118 1145 559)
4(559 1145 1136 558)
4(1110 1119 1146 1137)
4(1119 521 524 1146)
4(1137 1146 524 523)
4(1111 1120 1147 1138)
4(1120 1119 1146 1147)
4(1138 1147 1146 1137)
4(1112 1121 1148 1139)
4(1121 1120 1147 1148)
4(1139 1148 1147 1138)
4(1113 1122 1149 1140)
4(1122 1121 1148 1149)
4(1140 1149 1148 1139)
4(1114 1123 1150 1141)
4(1123 1122 1149 1150)
4(1141 1150 1149 1140)
4(1115 1124 1151 1142)
4(1124 1123 1150 1151)
4(1142 1151 1150 1141)
4(1116 1125 1152 1143)
4(1125 1124 1151 1152)
4(1143 1152 1151 1142)
4(1117 1126 1153 1144)
4(1126 1125 1152 1153)
4(1144 1153 1152 1143)
4(1118 1127 1154 1145)
4(1127 1126 1153 1154)
4(1145 1154 1153 1144)
4(563 1127 1154 560)
4(560 1154 1145 559)
4(1119 460 461 1146)
4(1146 461 261 524)
4(1120 441 442 1147)
4(1147 442 461 1146)
4(1121 422 423 1148)
4(1148 423 442 1147)
4(1122 403 404 1149)
4(1149 404 423 1148)
4(1123 384 385 1150)
4(1150 385 404 1149)
4(1124 365 366 1151)
4(1151 366 385 1150)
4(1125 346 347 1152)
4(1152 347 366 1151)
4(1126 327 328 1153)
4(1153 328 347 1152)
4(1127 308 309 1154)
4(1154 309 328 1153)
4(1154 560 272 309)
4(78 1128 528 40)
4(1128 522 462 528)
4(97 1129 531 39)
4(1129 1128 528 531)
4(116 1130 534 38)
4(1130 1129 531 534)
4(135 1131 537 37)
4(1131 1130 534 537)
4(154 1132 540 36)
4(1132 1131 537 540)
4(173 1133 543 35)
4(1133 1132 540 543)
4(192 1134 546 34)
4(1134 1133 543 546)
4(211 1135 549 33)
4(1135 1134 546 549)
4(230 1136 552 32)
4(1136 1135 549 552)
4(558 1136 552 525)
4(1128 1137 529 528)
4(1137 523 463 529)
4(1129 1138 532 531)
4(1138 1137 529 532)
4(1130 1139 535 534)
4(1139 1138 532 535)
4(1131 1140 538 537)
4(1140 1139 535 538)
4(1132 1141 541 540)
4(1141 1140 538 541)
4(1133 1142 544 543)
4(1142 1141 541 544)
4(1134 1143 547 546)
4(1143 1142 544 547)
4(1135 1144 550 549)
4(1144 1143 547 550)
4(1136 1145 553 552)
4(1145 1144 550 553)
4(559 1145 553 526)
4(1137 1146 530 529)
4(1146 524 464 530)
4(1138 1147 533 532)
4(1147 1146 530 533)
4(1139 1148 536 535)
4(1148 1147 533 536)
4(1140 1149 539 538)
4(1149 1148 536 539)
4(1141 1150 542 541)
4(1150 1149 539 542)
4(1142 1151 545 544)
4(1151 1150 542 545)
4(1143 1152 548 547)
4(1152 1151 545 548)
4(1144 1153 551 550)
4(1153 1152 548 551)
4(1145 1154 554 553)
4(1154 1153 551 554)
4(560 1154 554 527)
4(1146 461 263 530)
4(1147 442 264 533)
4(1148 423 265 536)
4(1149 404 266 539)
4(1150 385 267 542)
4(1151 366 268 545)
4(1152 347 269 548)
4(1153 328 270 551)
4(1154 309 271 554)
4(0 59 468 465)
4(555 612 12 1)
4(465 468 469 466)
4(556 613 612 555)
4(466 469 470 467)
4(557 614 613 556)
4(467 470 243 232)
4(614 557 231 290)
4(59 58 471 468)
4(612 609 13 12)
4(468 471 472 469)
4(613 610 609 612)
4(469 472 473 470)
4(614 611 610 613)
4(470 473 244 243)
4(611 614 290 289)
4(58 57 474 471)
4(609 606 14 13)
4(471 474 475 472)
4(610 607 606 609)
4(472 475 476 473)
4(611 608 607 610)
4(473 476 245 244)
4(608 611 289 288)
4(57 56 477 474)
4(606 603 15 14)
4(474 477 478 475)
4(607 604 603 606)
4(475 478 479 476)
4(608 605 604 607)
4(476 479 246 245)
4(605 608 288 287)
4(56 55 480 477)
4(603 600 16 15)
4(477 480 481 478)
4(604 601 600 603)
4(478 481 482 479)
4(605 602 601 604)
4(479 482 247 246)
4(602 605 287 286)
4(55 54 483 480)
4(600 597 17 16)
4(480 483 484 481)
4(601 598 597 600)
4(481 484 485 482)
4(602 599 598 601)
4(482 485 248 247)
4(599 602 286 285)
4(54 53 486 483)
4(597 594 18 17)
4(483 486 487 484)
4(598 595 594 597)
4(484 487 488 485)
4(599 596 595 598)
4(485 488 249 248)
4(596 599 285 284)
4(53 52 489 486)
4(594 591 19 18)
4(486 489 490 487)
4(595 592 591 594)
4(487 490 491 488)
4(596 593 592 595)
4(488 491 250 249)
4(593 596 284 283)
4(52 51 492 489)
4(591 588 20 19)
4(489 492 493 490)
4(592 589 588 591)
4(490 493 494 491)
4(593 590 589 592)
4(491 494 251 250)
4(590 593 283 282)
4(51 50 495 492)
4(588 585 21 20)
4(492 495 496 493)
4(589 586 585 588)
4(493 496 497 494)
4(590 587 586 589)
4(494 497 252 251)
4(587 590 282 281)
4(50 49 498 495)
4(585 582 22 21)
4(495 498 499 496)
4(586 583 582 585)
4(496 499 500 497)
4(587 584 583 586)
4(497 500 253 252)
4(584 587 281 280)
4(49 48 501 498)
4(582 579 23 22)
4(498 501 502 499)
4(583 580 579 582)
4(499 502 503 500)
4(584 581 580 583)
4(500 503 254 253)
4(581 584 280 279)
4(48 47 504 501)
4(579 576 24 23)
4(501 504 505 502)
4(580 577 576 579)
4(502 505 506 503)
4(581 578 577 580)
4(503 506 255 254)
4(578 581 279 278)
4(47 46 507 504)
4(576 573 25 24)
4(504 507 508 505)
4(577 574 573 576)
4(505 508 509 506)
4(578 575 574 577)
4(506 509 256 255)
4(575 578 278 277)
4(46 45 510 507)
4(573 570 26 25)
4(507 510 511 508)
4(574 571 570 573)
4(508 511 512 509)
4(575 572 571 574)
4(509 512 257 256)
4(572 575 277 276)
4(45 44 513 510)
4(570 567 27 26)
4(510 513 514 511)
4(571 568 567 570)
4(511 514 515 512)
4(572 569 568 571)
4(512 515 258 257)
4(569 572 276 275)
4(44 43 516 513)
4(567 564 28 27)
4(513 516 517 514)
4(568 565 564 567)
4(514 517 518 515)
4(569 566 565 568)
4(515 518 259 258)
4(566 569 275 274)
4(43 42 519 516)
4(564 561 29 28)
4(516 519 520 517)
4(565 562 561 564)
4(517 520 521 518)
4(566 563 562 565)
4(518 521 260 259)
4(563 566 274 273)
4(42 41 522 519)
4(561 558 30 29)
4(519 522 523 520)
4(562 559 558 561)
4(520 523 524 521)
4(563 560 559 562)
4(521 524 261 260)
4(560 563 273 272)
4(41 31 462 522)
4(558 525 11 30)
4(522 462 463 523)
4(559 526 525 558)
4(523 463 464 524)
4(560 527 526 559)
4(524 464 242 261)
4(527 560 272 262)
4(40 528 462 31)
4(39 531 528 40)
4(38 534 531 39)
4(37 537 534 38)
4(36 540 537 37)
4(35 543 540 36)
4(34 546 543 35)
4(33 549 546 34)
4(32 552 549 33)
4(525 552 32 11)
4(528 529 463 462)
4(531 532 529 528)
4(534 535 532 531)
4(537 538 535 534)
4(540 541 538 537)
4(543 544 541 540)
4(546 547 544 543)
4(549 550 547 546)
4(552 553 550 549)
4(526 553 552 525)
4(529 530 464 463)
4(532 533 530 529)
4(535 536 533 532)
4(538 539 536 535)
4(541 542 539 538)
4(544 545 542 541)
4(547 548 545 544)
4(550 551 548 547)
4(553 554 551 550)
4(527 554 553 526)
4(530 263 242 464)
4(533 264 263 530)
4(536 265 264 533)
4(539 266 265 536)
4(542 267 266 539)
4(545 268 267 542)
4(548 269 268 545)
4(551 270 269 548)
4(554 271 270 551)
4(527 262 271 554)
4(2 0 465 639)
4(3 2 639 636)
4(4 3 636 633)
4(5 4 633 630)
4(6 5 630 627)
4(7 6 627 624)
4(8 7 624 621)
4(9 8 621 618)
4(10 9 618 615)
4(555 1 10 615)
4(639 465 466 640)
4(636 639 640 637)
4(633 636 637 634)
4(630 633 634 631)
4(627 630 631 628)
4(624 627 628 625)
4(621 624 625 622)
4(618 621 622 619)
4(615 618 619 616)
4(556 555 615 616)
4(640 466 467 641)
4(637 640 641 638)
4(634 637 638 635)
4(631 634 635 632)
4(628 631 632 629)
4(625 628 629 626)
4(622 625 626 623)
4(619 622 623 620)
4(616 619 620 617)
4(557 556 616 617)
4(641 467 232 241)
4(638 641 241 240)
4(635 638 240 239)
4(632 635 239 238)
4(629 632 238 237)
4(626 629 237 236)
4(623 626 236 235)
4(620 623 235 234)
4(617 620 234 233)
4(617 233 231 557)
4(241 232 243 443)
4(240 241 443 424)
4(239 240 424 405)
4(238 239 405 386)
4(237 238 386 367)
4(236 237 367 348)
4(235 236 348 329)
4(234 235 329 310)
4(233 234 310 291)
4(291 290 231 233)
4(443 243 244 444)
4(424 443 444 425)
4(405 424 425 406)
4(386 405 406 387)
4(367 386 387 368)
4(348 367 368 349)
4(329 348 349 330)
4(310 329 330 311)
4(291 310 311 292)
4(292 289 290 291)
4(444 244 245 445)
4(425 444 445 426)
4(406 425 426 407)
4(387 406 407 388)
4(368 387 388 369)
4(349 368 369 350)
4(330 349 350 331)
4(311 330 331 312)
4(292 311 312 293)
4(293 288 289 292)
4(445 245 246 446)
4(426 445 446 427)
4(407 426 427 408)
4(388 407 408 389)
4(369 388 389 370)
4(350 369 370 351)
4(331 350 351 332)
4(312 331 332 313)
4(293 312 313 294)
4(294 287 288 293)
4(446 246 247 447)
4(427 446 447 428)
4(408 427 428 409)
4(389 408 409 390)
4(370 389 390 371)
4(351 370 371 352)
4(332 351 352 333)
4(313 332 333 314)
4(294 313 314 295)
4(295 286 287 294)
4(447 247 248 448)
4(428 447 448 429)
4(409 428 429 410)
4(390 409 410 391)
4(371 390 391 372)
4(352 371 372 353)
4(333 352 353 334)
4(314 333 334 315)
4(295 314 315 296)
4(296 285 286 295)
4(448 248 249 449)
4(429 448 449 430)
4(410 429 430 411)
4(391 410 411 392)
4(372 391 392 373)
4(353 372 373 354)
4(334 353 354 335)
4(315 334 335 316)
4(296 315 316 297)
4(297 284 285 296)
4(449 249 250 450)
4(430 449 450 431)
4(411 430 431 412)
4(392 411 412 393)
4(373 392 393 374)
4(354 373 374 355)
4(335 354 355 336)
4(316 335 336 317)
4(297 316 317 298)
4(298 283 284 297)
4(450 250 251 451)
4(431 450 451 432)
4(412 431 432 413)
4(393 412 413 394)
4(374 393 394 375)
4(355 374 375 356)
4(336 355 356 337)
4(317 336 337 318)
4(298 317 318 299)
4(299 282 283 298)
4(451 251 252 452)
4(432 451 452 433)
4(413 432 433 414)
4(394 413 414 395)
4(375 394 395 376)
4(356 375 376 357)
4(337 356 357 338)
4(318 337 338 319)
4(299 318 319 300)
4(300 281 282 299)
4(452 252 253 453)
4(433 452 453 434)
4(414 433 434 415)
4(395 414 415 396)
4(376 395 396 377)
4(357 376 377 358)
4(338 357 358 339)
4(319 338 339 320)
4(300 319 320 301)
4(301 280 281 300)
4(453 253 254 454)
4(434 453 454 435)
4(415 434 435 416)
4(396 415 416 397)
4(377 396 397 378)
4(358 377 378 359)
4(339 358 359 340)
4(320 339 340 321)
4(301 320 321 302)
4(302 279 280 301)
4(454 254 255 455)
4(435 454 455 436)
4(416 435 436 417)
4(397 416 417 398)
4(378 397 398 379)
4(359 378 379 360)
4(340 359 360 341)
4(321 340 341 322)
4(302 321 322 303)
4(303 278 279 302)
4(455 255 256 456)
4(436 455 456 437)
4(417 436 437 418)
4(398 417 418 399)
4(379 398 399 380)
4(360 379 380 361)
4(341 360 361 342)
4(322 341 342 323)
4(303 322 323 304)
4(304 277 278 303)
4(456 256 257 457)
4(437 456 457 438)
4(418 437 438 419)
4(399 418 419 400)
4(380 399 400 381)
4(361 380 381 362)
4(342 361 362 343)
4(323 342 343 324)
4(304 323 324 305)
4(305 276 277 304)
4(457 257 258 458)
4(438 457 458 439)
4(419 438 439 420)
4(400 419 420 401)
4(381 400 401 382)
4(362 381 382 363)
4(343 362 363 344)
4(324 343 344 325)
4(305 324 325 306)
4(306 275 276 305)
4(458 258 259 459)
4(439 458 459 440)
4(420 439 440 421)
4(401 420 421 402)
4(382 401 402 383)
4(363 382 383 364)
4(344 363 364 345)
4(325 344 345 326)
4(306 325 326 307)
4(307 274 275 306)
4(459 259 260 460)
4(440 459 460 441)
4(421 440 441 422)
4(402 421 422 403)
4(383 402 403 384)
4(364 383 384 365)
4(345 364 365 346)
4(326 345 346 327)
4(307 326 327 308)
4(308 273 274 307)
4(460 260 261 461)
4(441 460 461 442)
4(422 441 442 423)
4(403 422 423 404)
4(384 403 404 385)
4(365 384 385 366)
4(346 365 366 347)
4(327 346 347 328)
4(308 327 328 309)
4(309 272 273 308)
4(461 261 242 263)
4(442 461 263 264)
4(423 442 264 265)
4(404 423 265 266)
4(385 404 266 267)
4(366 385 267 268)
4(347 366 268 269)
4(328 347 269 270)
4(309 328 270 271)
4(262 272 309 271)
4(2 60 59 0)
4(3 79 60 2)
4(4 98 79 3)
4(5 117 98 4)
4(6 136 117 5)
4(7 155 136 6)
4(8 174 155 7)
4(9 193 174 8)
4(10 212 193 9)
4(1 12 212 10)
4(60 61 58 59)
4(79 80 61 60)
4(98 99 80 79)
4(117 118 99 98)
4(136 137 118 117)
4(155 156 137 136)
4(174 175 156 155)
4(193 194 175 174)
4(212 213 194 193)
4(12 13 213 212)
4(61 62 57 58)
4(80 81 62 61)
4(99 100 81 80)
4(118 119 100 99)
4(137 138 119 118)
4(156 157 138 137)
4(175 176 157 156)
4(194 195 176 175)
4(213 214 195 194)
4(13 14 214 213)
4(62 63 56 57)
4(81 82 63 62)
4(100 101 82 81)
4(119 120 101 100)
4(138 139 120 119)
4(157 158 139 138)
4(176 177 158 157)
4(195 196 177 176)
4(214 215 196 195)
4(14 15 215 214)
4(63 64 55 56)
4(82 83 64 63)
4(101 102 83 82)
4(120 121 102 101)
4(139 140 121 120)
4(158 159 140 139)
4(177 178 159 158)
4(196 197 178 177)
4(215 216 197 196)
4(15 16 216 215)
4(64 65 54 55)
4(83 84 65 64)
4(102 103 84 83)
4(121 122 103 102)
4(140 141 122 121)
4(159 160 141 140)
4(178 179 160 159)
4(197 198 179 178)
4(216 217 198 197)
4(16 17 217 216)
4(65 66 53 54)
4(84 85 66 65)
4(103 104 85 84)
4(122 123 104 103)
4(141 142 123 122)
4(160 161 142 141)
4(179 180 161 160)
4(198 199 180 179)
4(217 218 199 198)
4(17 18 218 217)
4(66 67 52 53)
4(85 86 67 66)
4(104 105 86 85)
4(123 124 105 104)
4(142 143 124 123)
4(161 162 143 142)
4(180 181 162 161)
4(199 200 181 180)
4(218 219 200 199)
4(18 19 219 218)
4(67 68 51 52)
4(86 87 68 67)
4(105 106 87 86)
4(124 125 106 105)
4(143 144 125 124)
4(162 163 144 143)
4(181 182 163 162)
4(200 201 182 181)
4(219 220 201 200)
4(19 20 220 219)
4(68 69 50 51)
4(87 88 69 68)
4(106 107 88 87)
4(125 126 107 106)
4(144 145 126 125)
4(163 164 145 144)
4(182 183 164 163)
4(201 202 183 182)
4(220 221 202 201)
4(20 21 221 220)
4(69 70 49 50)
4(88 89 70 69)
4(107 108 89 88)
4(126 127 108 107)
4(145 146 127 126)
4(164 165 146 145)
4(183 184 165 164)
4(202 203 184 183)
4(221 222 203 202)
4(21 22 222 221)
4(70 71 48 49)
4(89 90 71 70)
4(108 109 90 89)
4(127 128 109 108)
4(146 147 128 127)
4(165 166 147 146)
4(184 185 166 165)
4(203 204 185 184)
4(222 223 204 203)
4(22 23 223 222)
4(71 72 47 48)
4(90 91 72 71)
4(109 110 91 90)
4(128 129 110 109)
4(147 148 129 128)
4(166 167 148 147)
4(185 186 167 166)
4(204 205 186 185)
4(223 224 205 204)
4(23 24 224 223)
4(72 73 46 47)
4(91 92 73 72)
4(110 111 92 91)
4(129 130 111 110)
4(148 149 130 129)
4(167 168 149 148)
4(186 187 168 167)
4(205 206 187 186)
4(224 225 206 205)
4(24 25 225 224)
4(73 74 45 46)
4(92 93 74 73)
4(111 112 93 92)
4(130 131 112 111)
4(149 150 131 130)
4(168 169 150 149)
4(187 188 169 168)
4(206 207 188 187)
4(225 226 207 206)
4(25 26 226 225)
4(74 75 44 45)
4(93 94 75 74)
4(112 113 94 93)
4(131 132 113 112)
4(150 151 132 131)
4(169 170 151 150)
4(188 189 170 169)
4(207 208 189 188)
4(226 227 208 207)
4(26 27 227 226)
4(75 76 43 44)
4(94 95 76 75)
4(113 114 95 94)
4(132 133 114 113)
4(151 152 133 132)
4(170 171 152 151)
4(189 190 171 170)
4(208 209 190 189)
4(227 228 209 208)
4(27 28 228 227)
4(76 77 42 43)
4(95 96 77 76)
4(114 115 96 95)
4(133 134 115 114)
4(152 153 134 133)
4(171 172 153 152)
4(190 191 172 171)
4(209 210 191 190)
4(228 229 210 209)
4(28 29 229 228)
4(77 78 41 42)
4(96 97 78 77)
4(115 116 97 96)
4(134 135 116 115)
4(153 154 135 134)
4(172 173 154 153)
4(191 192 173 172)
4(210 211 192 191)
4(229 230 211 210)
4(29 30 230 229)
4(78 40 31 41)
4(97 39 40 78)
4(116 38 39 97)
4(135 37 38 116)
4(154 36 37 135)
4(173 35 36 154)
4(192 34 35 173)
4(211 33 34 192)
4(230 32 33 211)
4(30 11 32 230)
)


// ************************************************************************* //
