/*--------------------------------*- C++ -*----------------------------------*\
| =========                 |                                                 |
| \\      /  F ield         | OpenFOAM: The Open Source CFD Toolbox           |
|  \\    /   O peration     | Version:                                        |
|   \\  /    A nd           | Website:  www.openfoam.com                      |
|    \\/     M anipulation  |                                                 |
\*---------------------------------------------------------------------------*/
FoamFile
{
    version     2.0;
    format      ascii;
    class       labelList;
    note        "nPoints:1155  nCells:800  nFaces:2720  nInternalFaces:2080";
    location    "constant/polyMesh";
    object      neighbour;
}
// * * * * * * * * * * * * * * * * * * * * * * * * * * * * * * * * * * * * * //


2080
(
1
10
40
2
11
41
3
12
42
4
13
43
5
14
44
6
15
45
7
16
46
8
17
47
9
18
48
19
49
11
20
50
12
21
51
13
22
52
14
23
53
15
24
54
16
25
55
17
26
56
18
27
57
19
28
58
29
59
21
30
60
22
31
61
23
32
62
24
33
63
25
34
64
26
35
65
27
36
66
28
37
67
29
38
68
39
69
31
70
32
71
33
72
34
73
35
74
36
75
37
76
38
77
39
78
79
41
50
80
42
51
81
43
52
82
44
53
83
45
54
84
46
55
85
47
56
86
48
57
87
49
58
88
59
89
51
60
90
52
61
91
53
62
92
54
63
93
55
64
94
56
65
95
57
66
96
58
67
97
59
68
98
69
99
61
70
100
62
71
101
63
72
102
64
73
103
65
74
104
66
75
105
67
76
106
68
77
107
69
78
108
79
109
71
110
72
111
73
112
74
113
75
114
76
115
77
116
78
117
79
118
119
81
90
120
82
91
121
83
92
122
84
93
123
85
94
124
86
95
125
87
96
126
88
97
127
89
98
128
99
129
91
100
130
92
101
131
93
102
132
94
103
133
95
104
134
96
105
135
97
106
136
98
107
137
99
108
138
109
139
101
110
140
102
111
141
103
112
142
104
113
143
105
114
144
106
115
145
107
116
146
108
117
147
109
118
148
119
149
111
150
112
151
113
152
114
153
115
154
116
155
117
156
118
157
119
158
159
121
130
160
122
131
161
123
132
162
124
133
163
125
134
164
126
135
165
127
136
166
128
137
167
129
138
168
139
169
131
140
170
132
141
171
133
142
172
134
143
173
135
144
174
136
145
175
137
146
176
138
147
177
139
148
178
149
179
141
150
180
142
151
181
143
152
182
144
153
183
145
154
184
146
155
185
147
156
186
148
157
187
149
158
188
159
189
151
190
152
191
153
192
154
193
155
194
156
195
157
196
158
197
159
198
199
161
170
200
162
171
201
163
172
202
164
173
203
165
174
204
166
175
205
167
176
206
168
177
207
169
178
208
179
209
171
180
210
172
181
211
173
182
212
174
183
213
175
184
214
176
185
215
177
186
216
178
187
217
179
188
218
189
219
181
190
220
182
191
221
183
192
222
184
193
223
185
194
224
186
195
225
187
196
226
188
197
227
189
198
228
199
229
191
230
192
231
193
232
194
233
195
234
196
235
197
236
198
237
199
238
239
201
210
240
202
211
241
203
212
242
204
213
243
205
214
244
206
215
245
207
216
246
208
217
247
209
218
248
219
249
211
220
250
212
221
251
213
222
252
214
223
253
215
224
254
216
225
255
217
226
256
218
227
257
219
228
258
229
259
221
230
260
222
231
261
223
232
262
224
233
263
225
234
264
226
235
265
227
236
266
228
237
267
229
238
268
239
269
231
270
232
271
233
272
234
273
235
274
236
275
237
276
238
277
239
278
279
241
250
280
242
251
281
243
252
282
244
253
283
245
254
284
246
255
285
247
256
286
248
257
287
249
258
288
259
289
251
260
290
252
261
291
253
262
292
254
263
293
255
264
294
256
265
295
257
266
296
258
267
297
259
268
298
269
299
261
270
300
262
271
301
263
272
302
264
273
303
265
274
304
266
275
305
267
276
306
268
277
307
269
278
308
279
309
271
310
272
311
273
312
274
313
275
314
276
315
277
316
278
317
279
318
319
281
290
320
282
291
321
283
292
322
284
293
323
285
294
324
286
295
325
287
296
326
288
297
327
289
298
328
299
329
291
300
330
292
301
331
293
302
332
294
303
333
295
304
334
296
305
335
297
306
336
298
307
337
299
308
338
309
339
301
310
340
302
311
341
303
312
342
304
313
343
305
314
344
306
315
345
307
316
346
308
317
347
309
318
348
319
349
311
350
312
351
313
352
314
353
315
354
316
355
317
356
318
357
319
358
359
321
330
360
322
331
361
323
332
362
324
333
363
325
334
364
326
335
365
327
336
366
328
337
367
329
338
368
339
369
331
340
370
332
341
371
333
342
372
334
343
373
335
344
374
336
345
375
337
346
376
338
347
377
339
348
378
349
379
341
350
380
342
351
381
343
352
382
344
353
383
345
354
384
346
355
385
347
356
386
348
357
387
349
358
388
359
389
351
390
352
391
353
392
354
393
355
394
356
395
357
396
358
397
359
398
399
361
370
400
362
371
401
363
372
402
364
373
403
365
374
404
366
375
405
367
376
406
368
377
407
369
378
408
379
409
371
380
410
372
381
411
373
382
412
374
383
413
375
384
414
376
385
415
377
386
416
378
387
417
379
388
418
389
419
381
390
420
382
391
421
383
392
422
384
393
423
385
394
424
386
395
425
387
396
426
388
397
427
389
398
428
399
429
391
430
392
431
393
432
394
433
395
434
396
435
397
436
398
437
399
438
439
401
410
440
402
411
441
403
412
442
404
413
443
405
414
444
406
415
445
407
416
446
408
417
447
409
418
448
419
449
411
420
450
412
421
451
413
422
452
414
423
453
415
424
454
416
425
455
417
426
456
418
427
457
419
428
458
429
459
421
430
460
422
431
461
423
432
462
424
433
463
425
434
464
426
435
465
427
436
466
428
437
467
429
438
468
439
469
431
470
432
471
433
472
434
473
435
474
436
475
437
476
438
477
439
478
479
441
450
480
442
451
481
443
452
482
444
453
483
445
454
484
446
455
485
447
456
486
448
457
487
449
458
488
459
489
451
460
490
452
461
491
453
462
492
454
463
493
455
464
494
456
465
495
457
466
496
458
467
497
459
468
498
469
499
461
470
500
462
471
501
463
472
502
464
473
503
465
474
504
466
475
505
467
476
506
468
477
507
469
478
508
479
509
471
510
472
511
473
512
474
513
475
514
476
515
477
516
478
517
479
518
519
481
490
520
482
491
521
483
492
522
484
493
523
485
494
524
486
495
525
487
496
526
488
497
527
489
498
528
499
529
491
500
530
492
501
531
493
502
532
494
503
533
495
504
534
496
505
535
497
506
536
498
507
537
499
508
538
509
539
501
510
540
502
511
541
503
512
542
504
513
543
505
514
544
506
515
545
507
516
546
508
517
547
509
518
548
519
549
511
550
512
551
513
552
514
553
515
554
516
555
517
556
518
557
519
558
559
521
530
560
522
531
561
523
532
562
524
533
563
525
534
564
526
535
565
527
536
566
528
537
567
529
538
568
539
569
531
540
570
532
541
571
533
542
572
534
543
573
535
544
574
536
545
575
537
546
576
538
547
577
539
548
578
549
579
541
550
580
542
551
581
543
552
582
544
553
583
545
554
584
546
555
585
547
556
586
548
557
587
549
558
588
559
589
551
590
552
591
553
592
554
593
555
594
556
595
557
596
558
597
559
598
599
561
570
600
562
571
601
563
572
602
564
573
603
565
574
604
566
575
605
567
576
606
568
577
607
569
578
608
579
609
571
580
610
572
581
611
573
582
612
574
583
613
575
584
614
576
585
615
577
586
616
578
587
617
579
588
618
589
619
581
590
620
582
591
621
583
592
622
584
593
623
585
594
624
586
595
625
587
596
626
588
597
627
589
598
628
599
629
591
630
592
631
593
632
594
633
595
634
596
635
597
636
598
637
599
638
639
601
610
640
602
611
641
603
612
642
604
613
643
605
614
644
606
615
645
607
616
646
608
617
647
609
618
648
619
649
611
620
650
612
621
651
613
622
652
614
623
653
615
624
654
616
625
655
617
626
656
618
627
657
619
628
658
629
659
621
630
660
622
631
661
623
632
662
624
633
663
625
634
664
626
635
665
627
636
666
628
637
667
629
638
668
639
669
631
670
632
671
633
672
634
673
635
674
636
675
637
676
638
677
639
678
679
641
650
680
642
651
681
643
652
682
644
653
683
645
654
684
646
655
685
647
656
686
648
657
687
649
658
688
659
689
651
660
690
652
661
691
653
662
692
654
663
693
655
664
694
656
665
695
657
666
696
658
667
697
659
668
698
669
699
661
670
700
662
671
701
663
672
702
664
673
703
665
674
704
666
675
705
667
676
706
668
677
707
669
678
708
679
709
671
710
672
711
673
712
674
713
675
714
676
715
677
716
678
717
679
718
719
681
690
720
682
691
721
683
692
722
684
693
723
685
694
724
686
695
725
687
696
726
688
697
727
689
698
728
699
729
691
700
730
692
701
731
693
702
732
694
703
733
695
704
734
696
705
735
697
706
736
698
707
737
699
708
738
709
739
701
710
740
702
711
741
703
712
742
704
713
743
705
714
744
706
715
745
707
716
746
708
717
747
709
718
748
719
749
711
750
712
751
713
752
714
753
715
754
716
755
717
756
718
757
719
758
759
721
730
760
722
731
761
723
732
762
724
733
763
725
734
764
726
735
765
727
736
766
728
737
767
729
738
768
739
769
731
740
770
732
741
771
733
742
772
734
743
773
735
744
774
736
745
775
737
746
776
738
747
777
739
748
778
749
779
741
750
780
742
751
781
743
752
782
744
753
783
745
754
784
746
755
785
747
756
786
748
757
787
749
758
788
759
789
751
790
752
791
753
792
754
793
755
794
756
795
757
796
758
797
759
798
799
761
770
762
771
763
772
764
773
765
774
766
775
767
776
768
777
769
778
779
771
780
772
781
773
782
774
783
775
784
776
785
777
786
778
787
779
788
789
781
790
782
791
783
792
784
793
785
794
786
795
787
796
788
797
789
798
799
791
792
793
794
795
796
797
798
799
)


// ************************************************************************* //
