/*--------------------------------*- C++ -*----------------------------------*\
| =========                 |                                                 |
| \\      /  F ield         | OpenFOAM: The Open Source CFD Toolbox           |
|  \\    /   O peration     | Version:                                        |
|   \\  /    A nd           | Website:  www.openfoam.com                      |
|    \\/     M anipulation  |                                                 |
\*---------------------------------------------------------------------------*/
FoamFile
{
    version     2.0;
    format      ascii;
    class       labelList;
    note        "nPoints:1380  nCells:5831  nFaces:12412  nInternalFaces:10912";
    location    "constant/polyMesh";
    object      neighbour;
}
// * * * * * * * * * * * * * * * * * * * * * * * * * * * * * * * * * * * * * //


10912
(
1
4
2212
2
5360
5077
4
22
1204
6
8
629
230
627
636
1244
243
10
155
284
11
285
246
599
1241
19
187
506
15
1277
217
379
1959
2783
42
165
20
25
510
20
507
304
872
23
1202
2419
25
26
497
27
496
147
494
302
1944
180
2810
31
47
2366
32
162
4083
2052
2812
124
145
492
642
1958
318
1564
2039
2054
39
104
1419
2401
317
1947
42
43
5187
572
1982
387
2403
195
1566
47
1373
2364
389
2270
52
479
97
1981
528
1280
55
1681
116
2271
443
2420
56
1680
2164
568
1711
471
1376
60
228
2249
68
2248
71
161
4088
63
106
65
2180
82
645
66
2182
527
68
69
5230
75
2338
71
72
5467
77
2195
434
3308
433
1379
1361
77
78
1195
84
1193
453
1614
260
876
713
5268
2620
5268
1359
3090
2379
455
3855
444
1605
100
1613
89
90
366
132
364
1710
1370
2360
176
3088
674
2381
3852
5078
292
907
97
98
1000
999
1758
101
2163
101
344
343
411
483
104
1628
1421
107
2357
107
513
543
109
110
1288
265
119
1322
409
1593
671
1742
114
2132
167
583
712
1780
221
383
198
206
377
119
120
1326
129
1328
150
1591
461
1630
124
818
491
126
183
154
272
128
208
277
129
278
134
152
662
689
1739
144
134
204
3611
136
827
168
248
1602
1650
139
792
140
294
158
295
697
1761
144
363
144
227
359
146
147
148
493
499
151
829
151
5807
348
153
663
1411
210
274
156
157
158
293
289
501
930
459
1353
186
4087
189
4085
164
793
165
581
579
167
1783
585
172
249
173
185
252
171
257
172
173
250
690
1410
177
264
177
330
5082
179
852
180
340
5296
2645
5668
183
184
256
271
185
254
188
188
189
5465
1723
5653
202
2691
474
1651
194
909
195
234
235
696
1748
361
855
220
1721
2316
2711
5081
203
928
203
5283
485
3613
5821
206
207
374
225
373
209
210
211
276
5076
602
3235
2315
3237
553
2707
556
565
1351
3311
218
380
220
220
221
378
382
820
2782
1747
2134
225
226
356
227
368
357
229
230
231
625
634
236
237
1559
235
756
5172
235
236
895
1560
297
299
309
239
245
283
632
682
242
288
323
242
326
628
244
244
245
630
246
246
286
248
258
864
249
823
250
253
252
257
252
255
259
254
254
466
256
256
1893
269
258
259
260
260
874
266
267
1284
263
268
329
264
265
266
5083
266
1289
332
1189
1290
1551
271
464
1890
271
273
463
272
274
280
274
275
276
2214
3263
277
3261
278
3259
279
5355
280
312
1891
290
295
910
283
284
294
286
683
285
293
286
287
288
288
291
321
290
291
293
292
292
905
295
295
788
297
298
904
299
896
299
2345
307
301
1554
1939
303
5085
303
305
1952
304
305
871
306
870
1948
309
1358
4106
309
1580
5326
1557
311
315
1327
312
1888
1889
5355
314
1553
5084
315
1292
1324
1886
317
318
2755
319
1942
319
1568
320
1576
1941
323
676
900
323
324
902
326
325
2342
326
5092
626
328
1574
3085
329
5082
1549
5083
331
3086
5082
332
3075
5083
5114
334
338
2807
335
393
2024
2051
337
394
406
338
339
395
2808
340
404
850
5295
346
425
2331
346
429
2160
344
2092
2161
345
423
346
427
348
349
397
830
5808
350
1590
399
5128
352
440
1703
353
354
408
1587
421
5128
356
358
5087
368
369
358
359
368
360
363
364
361
363
362
856
363
5166
366
5166
366
367
559
1859
368
370
370
373
1869
371
557
372
2287
373
376
374
375
377
384
1870
377
379
378
380
382
380
1281
381
382
1273
383
384
418
416
388
401
2397
387
389
3792
388
2388
389
2267
391
449
2404
392
2027
393
394
395
2025
395
2392
3814
397
398
469
399
831
399
2221
1596
401
402
414
417
2395
403
405
404
1871
406
851
406
2394
2393
408
410
1702
1583
1704
410
412
1582
411
412
482
5190
414
415
2266
417
1863
416
1867
418
1868
2268
5222
1274
2265
420
1205
5088
421
422
441
1598
2417
5248
427
1611
2090
425
426
2906
427
2904
427
1617
429
430
2330
2159
2332
1682
1691
435
2474
3303
433
434
437
435
1380
435
3307
437
2907
5309
3316
439
442
1699
440
5248
441
1705
5244
5248
443
444
445
2422
445
1599
446
2409
5130
448
1626
2031
449
1420
2032
2405
451
1607
4640
1643
1663
453
455
2086
456
1608
456
1638
1666
456
3857
458
1349
1464
459
461
460
1346
461
462
1631
1671
1688
464
465
2215
466
1894
466
467
824
468
2217
469
825
832
2222
472
1384
1657
472
473
1375
474
474
475
1642
1634
1661
480
1668
1686
478
1675
5196
479
2042
480
1683
2041
484
1697
4639
483
1700
2021
484
5079
5078
486
925
5284
487
534
488
489
1901
2689
532
536
491
500
923
492
814
493
498
494
499
495
496
502
5174
497
498
511
5174
702
500
502
501
502
931
508
550
4084
505
2197
4089
506
509
507
5466
508
510
1927
510
699
511
700
1926
513
514
542
544
2181
515
516
521
2183
518
1897
518
519
3693
521
3691
520
522
521
524
5212
563
5090
524
529
2285
5091
5213
526
2174
3123
527
528
529
2184
529
1276
531
548
1369
532
533
534
537
534
1916
926
536
538
1904
537
1902
1367
5433
540
1366
540
541
2355
1905
2347
542
1900
544
1898
544
545
2356
546
546
2351
2178
3741
548
549
2365
1374
1920
550
1930
1925
4082
552
561
3694
554
2713
554
555
2712
556
556
2672
564
559
1878
2288
559
1715
2292
1860
561
562
566
564
3696
563
1713
2654
3695
565
2673
566
567
568
568
569
1706
1707
2662
571
1984
1993
573
608
573
577
5186
576
575
605
613
576
580
577
606
579
976
579
975
5182
581
581
618
798
586
654
2130
585
2124
2131
585
586
660
655
587
658
1796
589
620
2780
590
591
593
1961
597
622
593
594
639
597
1962
595
596
641
668
597
651
646
600
603
616
600
601
1248
602
602
604
3246
611
3231
1247
3247
606
607
2280
608
3150
608
609
1994
610
1996
2318
5228
612
616
2279
613
614
618
2281
615
617
616
1237
1238
618
678
799
620
621
705
622
809
622
623
647
649
2202
633
679
1236
627
634
2250
628
684
5093
628
629
630
630
631
632
632
633
680
637
635
637
636
2252
637
1234
639
640
643
641
1963
641
1788
3196
643
644
1956
645
645
2630
2618
647
651
3213
649
3211
649
650
1196
5214
651
652
5473
2377
5242
654
1795
1814
1797
2129
660
1139
1778
659
1779
5146
658
659
665
660
1798
660
662
2520
3610
663
3612
666
1413
665
666
1407
1770
1799
1793
668
669
5242
3197
5473
673
1732
672
1467
2384
672
673
1734
674
674
2386
1720
2003
2313
683
684
899
678
681
790
800
1239
680
681
1240
682
684
682
683
789
2254
686
1803
5655
708
1716
691
4604
5409
689
690
692
691
1738
691
1408
1730
1767
698
1810
3403
695
1744
1764
696
697
698
1743
698
1756
700
701
2198
702
1923
702
703
815
704
2200
705
816
810
2203
707
1757
3399
708
2000
1718
3407
710
714
1769
1786
2605
712
713
5539
714
1784
714
2613
1791
1808
5670
717
718
2841
744
763
765
1004
720
729
1820
1072
3505
722
1826
2114
3028
4167
724
725
2870
732
5389
741
782
727
1135
3621
728
1823
729
1046
1047
1821
731
733
5095
732
780
783
3432
768
3436
735
2014
5688
846
890
737
750
2668
738
1840
1836
2659
740
881
1014
741
2873
777
2871
743
2106
2842
744
745
761
2843
965
5573
747
1009
5164
748
2009
843
887
750
751
1829
1827
2666
879
3133
754
771
806
754
2573
5509
755
756
1563
1562
1909
758
990
1064
837
4163
1830
2105
2115
762
962
1086
763
963
2831
763
764
765
765
841
1848
767
1934
2744
768
769
1935
3434
808
982
771
772
894
803
1907
773
787
797
969
776
868
918
776
960
4050
822
782
882
4730
781
884
943
780
781
859
783
860
782
783
4039
785
813
5157
934
2773
787
795
913
797
897
789
792
911
790
898
791
800
792
793
794
794
798
795
796
797
5182
1969
799
5182
800
1967
1971
802
1851
5155
849
2682
806
970
1911
805
972
985
806
807
5509
808
5509
984
4570
810
1966
2779
816
2727
812
819
2777
813
922
920
2774
815
818
924
816
2736
817
818
820
819
820
2778
822
833
867
862
4051
824
827
865
825
1879
826
832
827
829
828
829
833
830
831
5805
832
4056
4053
5803
835
2680
2856
1040
5204
837
838
937
938
4161
4154
5158
842
1025
1083
841
842
5164
1084
1850
843
886
5164
845
1053
3618
846
1819
885
5823
848
853
1854
849
5184
1852
1973
851
852
5184
1872
1972
853
854
855
855
1865
856
1858
1877
858
916
944
859
5097
860
945
1933
4041
866
869
873
867
868
1882
871
2967
5085
5171
865
866
874
867
1880
867
869
2969
870
871
2968
872
873
875
876
876
1883
876
1885
879
2667
2698
2705
879
2694
2703
3131
883
947
2018
882
883
1010
884
3943
884
941
890
1054
5419
887
1026
4211
888
889
890
2010
4198
890
891
1028
1052
893
908
912
894
5172
897
1908
896
909
5172
904
1910
913
5098
899
911
5099
900
2721
902
905
902
904
2346
5288
903
904
906
907
910
907
909
908
909
911
912
913
913
915
917
5101
916
957
946
1932
918
933
958
2971
921
927
5103
922
1845
2730
922
923
924
924
931
2737
926
928
1844
1846
1917
928
930
929
930
1919
931
1914
933
1951
2760
1931
2972
935
936
5180
937
1843
2792
937
939
938
991
2794
993
1965
942
950
955
943
948
3944
943
944
945
945
946
2236
956
3109
948
949
2022
950
4385
950
951
953
952
1585
1586
2023
5190
955
1584
4379
955
959
5812
956
957
2961
958
959
960
2962
960
4049
981
2885
5392
963
964
1087
965
2186
965
966
5568
1056
1080
968
3437
5389
1146
2883
970
971
1970
972
5293
972
973
978
974
988
975
1988
976
1968
1989
3152
1037
2814
5280
985
989
2799
980
985
3901
981
982
983
3902
983
984
3435
3751
985
5507
987
1017
1986
988
3899
989
1987
3898
4711
991
992
3046
993
3043
993
994
1953
995
1032
1954
2628
997
2006
5685
1070
1107
1001
1018
1022
1000
1979
1998
1002
5139
1002
1978
1751
1004
1005
5160
1847
2839
1006
2838
2066
3720
1008
2012
5557
1009
5162
1849
2008
1014
2019
3946
1012
1013
2017
1093
2828
1014
1075
1073
1016
3896
5105
1017
1018
1019
3897
1019
1023
1976
5351
1021
1044
1754
1022
1024
1023
1752
2153
3222
2152
2891
1026
1027
1082
1028
4202
1028
1029
1049
1115
3361
1031
2061
2626
1032
1062
1060
2627
1034
1039
2077
2034
2047
1036
1038
2044
1037
1040
1041
2803
1039
1096
1095
2045
1041
3293
2681
3290
1043
1059
1755
1044
2890
1750
2887
1046
1048
2141
1047
3100
3099
3506
2896
5397
1052
1113
4332
1051
1112
1119
1052
1053
1054
1054
3616
2187
1056
2076
5562
1077
5566
1058
1068
3500
1059
2599
3496
5140
1062
2820
3048
1062
1063
2059
2060
1064
3024
3023
3047
1066
1100
5106
2064
2612
1068
1069
1071
2593
3502
1070
2594
1104
5683
1072
5682
3504
5679
1075
2874
3957
1075
1076
2876
1094
1092
1133
1080
2074
2446
1079
1081
2073
1080
1089
1090
1678
4347
1083
3345
3362
1084
1085
1086
3343
1086
1088
1087
1090
3342
1089
3360
1090
4363
2445
1092
1093
2088
1094
1129
1094
2826
2428
1096
2079
4996
1097
3295
1098
5565
2102
5204
1100
5145
5549
5107
5270
1102
5431
5552
5160
5162
1106
1138
1143
1107
1136
2139
1107
2007
3415
5554
1107
5555
1109
1126
1131
1110
2081
1121
2578
1114
1148
2094
1113
1114
1117
1115
4330
1115
3363
2111
3027
5299
1119
2371
5305
1119
1120
1123
1122
1121
2096
1124
2580
1123
2372
3617
1124
1125
1126
5774
1126
3620
1128
2101
2109
5572
1131
2456
3623
1130
1133
4451
1131
2082
4445
1132
1133
1134
2147
1135
2146
2148
3622
1138
2140
2595
1138
2137
2597
1141
1776
2121
2496
1142
1775
2122
1143
2120
3568
1143
5546
5544
1145
2144
5208
1146
2868
2149
4024
1148
2167
3358
2093
3366
1150
2959
5109
1162
1221
1152
1153
3550
1434
2541
1172
1214
1155
1156
2207
1218
2532
1207
3020
1158
1159
1252
1166
1312
1178
4561
1161
2956
5317
1162
1163
1222
2957
1334
1479
1167
1177
2945
1166
1167
5313
1179
2922
1181
1170
1198
2175
1170
2172
5333
3001
1172
1173
2540
1215
2542
1317
1546
1175
1184
4013
1283
1307
1177
1182
2193
1181
2188
1179
1180
4563
1181
4555
1181
1182
2225
1184
1186
1397
1304
1385
1186
1270
1305
3161
1190
1287
3270
1189
1190
1211
1285
5114
2241
1192
1230
5111
1193
1300
1194
1195
1196
2376
5240
1196
2196
5214
1198
1199
2209
2176
2997
2349
3331
1201
2324
5113
1202
1339
1203
1204
1205
2416
5246
1205
2213
2218
1207
1209
3140
3022
3139
1209
1391
1503
1259
1211
1212
2230
2228
5115
2235
3051
1214
1216
3547
1215
3548
1315
3870
1314
5337
1218
2211
2551
2210
2531
1220
1331
2560
1221
5117
1222
3096
1332
5584
1224
1250
1364
1225
2242
1245
1267
1227
1228
2436
1336
2238
1426
5250
1230
1231
1296
1295
4095
1232
4097
1262
2370
1243
1246
2245
1236
1244
2253
1236
1237
1242
1240
1238
1239
1248
3764
1240
2723
2255
1242
1243
1248
1244
1244
1246
2243
3767
1247
1248
3769
1250
1253
2232
1268
3068
1252
1253
1265
1263
4559
3056
1255
2259
3800
3127
5335
1257
2276
3007
5254
5367
1259
1260
1299
1294
3141
1261
5119
1262
3325
1297
2739
1265
1313
5437
1265
1266
1267
1268
1311
3244
1268
3768
3757
1270
1271
3545
1303
3162
1471
2495
1273
1275
2260
1274
1281
2263
3181
1279
3126
1280
2283
3124
1278
1279
1281
1280
2290
1280
2286
1283
2569
4243
1302
2932
1285
1286
1289
1287
2981
1287
1321
3269
1289
1291
1323
1290
1291
2987
1292
1325
2986
1298
1301
1390
1299
1392
4264
1296
1300
5475
1297
1298
1299
4266
1299
1301
5240
2374
1307
2507
3186
1305
1472
4228
1305
1307
4219
1306
1307
1308
1474
2506
1310
1405
5226
1311
1312
1313
3239
1313
2923
3968
1315
1316
1491
1317
2185
1317
1318
1540
1447
3449
1320
1330
3279
1321
1322
1323
3276
1323
1326
1325
1325
1327
4073
2983
1327
1328
1329
1329
1330
3253
5355
3252
1332
1333
2559
1334
2911
1334
1335
2915
1440
1488
1337
1427
3266
1338
2322
1340
1425
1340
2321
5246
2414
1342
1343
1344
2278
3798
3288
5367
1418
3790
1352
1689
2327
1349
1353
1690
1348
1350
2480
1349
2450
2453
1351
1353
1352
3314
1353
1355
2953
5328
1394
1495
1357
1362
1363
2233
3077
2343
3060
3082
1360
1362
3089
1361
5234
1362
2336
1364
2247
2246
3069
1372
2353
2368
1367
1368
2348
1369
4321
1369
1371
1374
1371
1372
2354
1373
1373
2362
2363
5236
1376
1384
1636
1377
1378
1379
1382
1379
1381
1380
2475
5309
1383
2473
1635
5309
1384
5607
4981
1398
3164
4014
1387
1522
3530
1400
4016
1389
1469
2383
1390
1391
1392
2373
1392
3036
3032
1394
1395
1458
2951
5124
1396
2948
5311
5313
1398
1399
3159
1400
3166
1400
1401
1520
1402
3158
1494
1519
1406
1728
2306
1405
1406
5311
2305
2920
1456
1413
1771
5142
1410
1765
5409
1410
1411
5142
1412
1412
1413
1415
2518
1415
5409
5792
2517
1417
1422
5366
1418
2398
2389
3289
1420
1421
2399
2406
5133
1422
5132
1453
1424
1431
2412
1425
1426
1427
2413
1427
3116
3113
1431
2410
3370
5130
1430
1432
1438
1431
1444
1445
1601
5130
1434
1435
1539
2543
3552
1436
2492
1527
2463
1438
1439
1486
1442
5122
1440
5120
1483
2917
1443
2442
5250
1444
4696
5121
1444
5121
1445
2427
3118
1447
1448
1517
1541
3448
1450
1462
1450
1451
1452
1460
1513
1515
3285
1453
1622
1623
3286
1455
1457
1498
1456
1458
1459
1726
1725
5644
1459
4970
4972
5311
1462
1620
5730
1462
1463
2452
3456
1464
1619
1618
2454
1467
1469
2385
3193
1467
1470
1737
1735
1469
1470
1501
1504
2458
1472
1473
2493
1474
5471
1474
1475
2503
1536
4896
1477
2443
2912
5121
1478
2918
5120
1479
1480
2916
5317
1481
2441
2189
5317
2192
2226
2438
1486
1488
3940
1485
1487
1489
1486
1648
5123
1488
2557
2562
1506
1653
1492
3156
5337
3450
3466
5337
1493
3452
1494
2448
1523
3155
1496
4117
5125
1497
1499
1498
1511
1512
4971
1534
4121
1501
1502
2469
1504
2457
1503
3016
3015
3037
2819
3038
1506
1507
5619
1655
2558
1525
2556
1509
4594
4605
2461
5780
1511
1529
2634
1512
3507
2635
5513
1515
1517
2429
1515
1516
1518
3284
1517
1543
1542
2545
5254
1520
1521
1523
1522
4341
1522
2486
3532
2387
2484
1525
3529
4009
2553
5611
1527
4901
5783
2464
2490
1529
1530
5399
2636
3509
2527
2643
2513
4890
5789
1533
2525
4237
1534
5399
3508
4122
1536
2502
2510
2504
4897
1538
2537
3019
1539
2466
2544
5403
1541
1546
3985
1542
3987
1543
3991
1545
2546
1545
2535
2548
1546
2538
2567
4006
5257
2565
4235
5127
1551
1572
2771
1551
1552
1571
2984
1553
1554
1555
2985
1555
1937
2977
5085
1561
2570
2757
1559
1581
4110
1559
1567
1579
1560
1562
1566
1563
1565
1563
4109
2571
1565
1567
1568
1566
1567
1577
2758
1574
1580
3083
5220
1571
1576
1938
2751
1572
1573
1574
2767
1574
1575
1576
1578
1577
1579
5289
1579
1580
1581
1581
2574
1583
1586
1593
1587
5640
1585
5639
5813
1586
1595
5641
1588
1589
1590
5128
5628
1590
1592
5810
1592
1594
5809
1593
1594
1595
5814
1597
4055
5129
1598
4045
5089
3385
5129
1605
5131
5135
1601
1603
1647
5131
5497
1603
1604
1644
1605
1605
1606
1607
5134
1645
1695
1614
1639
2084
1610
2083
2579
1612
2098
1613
1617
2097
1613
1614
1615
1615
1616
1617
1640
1641
1619
1631
3391
1620
1621
1622
3395
1622
1629
1623
1624
5132
3393
4305
5133
1626
1627
1672
1674
5133
1628
1630
1629
5132
1630
1631
1673
1634
1638
1659
3515
1634
1635
1637
1636
1636
2909
4973
1638
1640
1639
1640
2581
1641
2582
2908
1651
1657
1662
1645
1649
1664
1645
1647
1650
4464
1647
1648
1658
5498
1653
4468
1650
1651
1652
1652
1658
1655
1656
1655
1657
3519
4982
3520
1657
1658
1661
1666
3514
1661
1663
1665
1662
1664
3518
1664
4632
4458
1666
4633
3848
1668
1670
5198
1669
2035
1671
1684
3477
1671
1672
1673
1673
1674
3392
2029
3394
1676
1677
1683
1678
2069
3480
1678
1679
4348
1680
2158
1681
5211
1682
1683
1692
5210
1693
1686
1688
3476
1686
1687
1691
1693
1688
1689
1690
1690
2326
2455
1692
2325
1693
4351
3481
1695
1697
3367
4641
3374
5134
1697
1698
1701
1700
1699
5134
1705
5135
1702
2015
1702
1703
1704
1704
1705
3381
3380
1707
1711
1713
1708
1832
1833
5168
1710
1711
5168
1712
1861
1712
1714
1714
5137
1715
1862
5136
1718
1719
5649
1718
1720
2001
4283
4282
1720
1722
2310
1722
1724
2309
1723
1724
5648
1727
1726
1727
5647
1728
4280
1728
2307
1730
1733
2606
1738
2607
1732
1733
1789
1734
5347
1741
1735
1742
1737
5441
1737
1740
4595
4593
1739
4603
1740
1741
1742
1742
1744
1748
1811
2589
5260
1746
2128
5260
1747
1748
1749
2126
1749
1813
1754
1755
2430
1752
1753
5139
1754
3226
1754
1762
1763
5141
1761
1764
3401
1759
3400
5138
1759
1760
5139
1761
1761
1762
1763
1764
5141
1767
3526
5143
1767
1768
5143
5264
1769
5146
1773
5265
1771
2500
5146
2499
5143
3589
5145
5270
5272
1784
3590
5147
1775
3593
5145
5547
1776
1777
1778
3592
1782
5144
1779
1783
1781
5147
1781
1782
1784
1783
1783
5272
1786
1787
5266
2604
2614
1788
1789
2619
3198
2603
5348
1791
1792
1794
1816
3614
1793
5148
1799
5149
1795
1796
1797
1817
1797
1798
3574
1799
2497
2498
1801
2632
2646
1802
1805
1803
3404
2631
3406
1805
1810
2648
3405
1806
1807
1808
2647
3664
1808
1809
1816
1810
1812
1811
1813
2590
1813
1814
1815
1815
1817
2127
2591
1817
5151
5150
1819
1822
5690
3626
5824
1821
1822
5689
1823
4485
1823
3625
1825
1828
4159
1826
1830
1831
4166
1829
3713
5153
1829
5152
3134
1831
2850
2116
4194
1833
2651
2663
1834
5154
1855
2653
5155
1836
1842
5154
1837
2660
1840
1842
3689
1839
1841
2857
1840
5152
5153
1842
2678
2676
3746
5157
5158
1846
2692
5103
1912
5103
5157
1913
5434
1848
2834
5161
1850
2830
3410
5163
5165
3167
5165
1852
1853
1855
1854
1874
1854
1857
1858
1856
5169
1862
1873
2652
5167
5169
1876
5167
1860
1861
5167
1862
1875
1862
5169
1867
1871
3178
1865
1866
1871
1872
1877
1867
5086
1868
1870
3183
1870
1878
5087
5086
1872
1974
1874
1875
3174
1876
1975
1876
1878
1877
5087
3184
1880
1881
1894
1882
1883
1882
4054
4069
2965
1885
1893
1885
1887
5170
5171
1888
5170
5319
1888
1892
1889
1891
1895
1891
1893
1894
1892
1893
1895
3249
4071
1897
2714
3692
5429
1898
1899
1900
5713
1900
1906
1905
1902
1903
2688
1904
3734
1904
1906
1905
5708
2716
1908
1909
1911
2720
5173
4108
5173
4107
5173
5287
2797
4102
1913
2731
3744
1915
2740
1919
2735
5175
1917
1921
2733
1917
1918
1920
1919
1919
1929
1921
1930
1922
2738
1924
2732
2988
1924
1926
2734
1925
2995
1927
1930
1927
5175
1928
1929
5175
1930
5101
5177
5331
3111
5097
5101
4758
5095
5097
1935
2745
5094
4746
5095
1937
1949
2750
2978
1938
1939
1941
2749
1940
1952
1941
1946
1942
1947
2753
1945
1950
2752
1945
1946
1952
1947
1947
1949
1950
1952
1951
2970
1951
2748
1954
1965
2298
1955
5273
1957
1964
1958
1963
5273
1958
1959
1960
1960
5178
1961
1962
5179
1963
2296
2293
1965
2788
2786
2728
2772
3212
1971
2282
5183
1970
3148
5183
1970
2718
5183
5294
2719
2722
1974
3816
5185
1975
5185
5277
1975
3179
5439
1978
1986
2299
1978
1980
1985
1979
1981
1991
1981
1982
1983
1983
5187
1984
1992
5186
1986
1990
1987
1988
3154
1989
1990
3153
5186
5187
1992
1998
2300
1993
5189
1994
1995
1996
5188
1996
2002
2004
1998
2000
3220
5138
1999
2000
2002
2001
2003
3218
2003
2004
2301
2319
2006
2014
5224
5686
2007
2011
2012
5387
2009
2012
2432
2010
2013
2014
2431
2012
2013
2014
2021
2425
3368
2017
2018
2020
2019
2825
2019
2022
2423
5191
5193
5191
5193
2023
2426
2424
5191
2025
2026
2050
2027
3300
2027
2030
2032
2030
2037
5198
2031
3389
5198
2031
2032
5477
2034
2040
2071
2080
5195
2041
2068
5199
2067
3390
5195
5199
2038
5194
5199
2039
5200
2040
5194
5201
2042
5200
5197
5201
2044
2046
2806
2045
2804
2047
3296
2047
2055
2048
2049
3297
5195
2050
2054
5194
2051
3301
2053
5202
2053
2055
5203
2054
2055
2057
2059
3025
3835
2058
2836
5299
2059
2065
2060
2061
2823
2062
2063
2064
2608
2821
2064
2065
3722
2066
2835
3719
2068
2080
5481
5197
5483
2073
3479
5196
2071
2072
5196
2080
5197
2073
2075
2074
2076
4400
2076
2077
2078
2079
2080
2079
4998
5563
4997
2082
2087
2577
2088
4441
2084
2085
2576
2086
2575
2086
2089
3858
2088
2089
2827
3851
2092
2097
2899
2092
2099
2170
2169
2094
2168
2897
2095
5305
2096
2099
5259
5305
2098
2583
2099
5258
2101
2102
2104
2103
2118
2103
5205
4831
5570
2105
2854
2117
2852
2107
2108
2845
2109
4656
5574
2109
2110
2118
2111
2113
2112
2844
2114
3029
3880
2114
2115
2116
2116
2117
3878
2118
5206
5207
2120
2121
2125
3569
2122
2137
2122
2124
2123
2124
2138
2131
2129
2586
3571
2127
2128
2134
2129
2587
2136
2584
2130
2131
2135
2132
2133
2135
2134
2138
2135
2137
2138
2585
2140
3190
3416
2592
3555
2142
2143
3102
2144
2151
3098
2144
2145
2867
2146
2877
2147
2148
2878
3962
3101
5417
2881
2935
5208
2880
5104
5209
2893
3907
5208
2153
2892
5104
4949
5105
2155
2333
2898
3349
2156
2159
5303
2157
4349
5210
2158
2167
4346
2166
5211
2160
5210
2161
2165
2163
2169
2163
2164
2171
2165
2165
5211
2167
2171
2168
2170
5303
2170
5303
2171
2173
2175
3119
2174
2179
2184
3122
2176
2177
3738
3739
2178
2179
2181
3740
2180
2181
2182
2183
2183
2184
5212
5213
3469
3871
3983
2832
2927
3340
4333
4511
5419
2193
2944
3439
2190
2191
2940
2192
2439
5315
2192
2193
2194
2194
2227
3440
2196
2201
5468
4094
5215
2198
2199
4090
2200
2996
2200
2201
2203
2202
2203
5215
2990
2205
3143
3328
2206
2208
2207
2211
2210
3142
2209
2999
2998
3327
2211
4184
3013
2213
2219
5359
2218
3264
2215
2216
3265
2217
3250
2217
2219
2222
5088
5217
2220
2221
5088
2222
5089
4060
2224
2229
3058
2225
2226
2227
4557
2227
3426
2444
2230
4520
5219
2230
5218
3050
2232
2233
3054
3049
3070
3071
3078
2235
3076
5115
5291
3052
3074
3108
3945
4042
2238
2239
3273
2434
3267
2240
2433
2241
5218
3271
5219
2243
2244
2246
2245
2726
2245
2256
2253
2247
2339
2257
2337
2249
5092
5230
2250
2251
2252
5093
2252
2256
2253
2255
2255
2724
5093
2725
2257
5230
2259
2260
2264
2261
3801
2261
2263
2262
3128
2263
2802
3180
2265
2272
3795
2266
2271
2268
2269
2268
2270
3793
5223
2270
2271
2272
2272
2274
5333
5335
2275
3003
2276
2278
2277
3005
2278
4578
5367
3797
2281
3232
3763
2281
3151
3233
2282
3149
3760
2285
2290
2658
2285
2289
5090
5091
2287
2290
3182
2288
2291
2292
3185
2290
2291
2292
2656
2294
2296
3195
2298
3202
5273
2297
2298
2787
2795
2297
3214
2785
3215
3044
2300
3144
5351
3146
3221
2302
3145
3219
2303
2319
3978
2304
2308
4288
2305
2919
3975
2306
5226
2307
2311
2308
2309
2310
4290
2310
2316
2313
2317
5227
2313
2314
2318
2319
2315
2316
2317
3229
2317
2319
5229
2323
3256
3282
2322
2324
4046
2323
3278
2324
3257
2326
2330
3351
2327
3355
2328
3315
2329
3319
2330
2331
2332
2332
2334
2333
2335
3352
2335
2905
3317
2476
2903
2337
2338
5235
2339
5231
2341
5231
3063
5232
2342
5092
5231
5233
2342
2344
2346
2345
3065
5235
2345
5235
2346
2717
2348
2355
4317
2354
4320
2350
3332
5436
2351
2361
2356
5435
2353
2361
3323
2354
3322
2360
2356
2358
2357
2358
2359
2360
2360
2361
2363
2364
2368
2365
5237
2365
2366
4081
2369
4080
2368
2369
2370
5238
4100
4098
5239
2372
2900
4331
4507
5761
2374
2383
4249
2375
5241
2380
2382
2377
2379
5241
2378
5243
2379
2381
2380
2381
2386
2383
2384
2385
2385
2386
4246
5243
3464
5371
5395
2397
2403
3788
2390
2398
3789
2391
2801
3283
2407
3802
4302
2393
2404
3804
2394
3805
2395
2396
2397
2800
2397
2408
2399
2400
2401
2406
2401
2403
2402
2403
2408
2405
2408
2406
2407
2407
4304
2410
2411
2422
2412
3375
2412
2415
2413
2414
3388
2415
5247
2421
2417
2419
5247
2418
5249
2419
2420
2421
2421
2422
5249
2426
3947
4371
2425
2426
3383
3369
3382
4386
3112
3371
4697
3959
4374
4452
3993
4312
5732
3224
3678
4945
2432
4199
5224
3411
5387
2434
2435
3428
2436
3425
2436
2437
5251
2438
2440
2439
3429
2441
2936
2441
2442
2443
2443
5251
3953
3441
4516
4547
2446
3339
4357
2926
4401
2448
2449
2483
2485
3453
2450
2451
2453
2482
2452
3454
2454
3455
2454
2455
3474
3356
3472
2552
4446
5775
2458
2469
2822
2459
2460
2461
3832
4592
2461
2462
2465
2463
2468
2464
5403
2465
3726
3723
5781
2467
2468
5403
2469
3017
3521
2469
2600
3587
3716
5270
2472
2489
5613
2473
2474
2475
5606
2475
2478
2901
2477
3302
3350
2478
2902
3337
2489
3304
2480
2481
3306
2482
3313
2483
2488
2483
3354
2485
2485
2486
5395
3492
2487
2488
2489
3336
3535
2489
2492
2696
4902
2492
2494
3551
3553
2495
4873
4894
2495
4904
3554
2497
3570
3591
2498
3575
2500
2511
2500
2514
3525
3582
2502
2505
2523
2504
2521
2504
2506
4416
4413
2506
4240
2507
4241
4418
2510
2513
2866
4899
2510
2512
3600
2528
2514
3607
5416
2513
2519
2516
2515
2518
2516
2865
3524
2517
5790
2518
2519
2520
2520
3608
2523
2528
4847
2523
2525
4238
4846
2524
2525
2526
2529
2527
3603
2529
3604
2860
3601
5035
5399
2531
2535
2549
3885
2532
5252
2533
2536
2537
3021
5253
2535
2536
2539
2538
2537
2544
2540
2925
2540
2541
2542
2542
2543
3873
2544
5407
3523
2546
2547
5255
2548
3999
2548
2550
2549
2551
2847
2551
3008
3010
3624
3633
3930
2554
2556
4680
3637
4007
5257
2556
2557
5256
2558
2558
2562
4478
2560
2562
3926
2561
5256
2563
3925
5257
3942
2567
3094
4764
2565
2566
3093
3092
4232
2567
2568
4004
2569
5459
2933
4233
2571
2572
2761
2573
4114
2573
2742
4569
4113
5220
5290
2576
2581
3513
2577
2579
2578
3510
2579
2580
5258
5259
5769
2582
3516
2583
2910
3921
5258
2585
2587
5261
2586
2597
2587
2863
2591
2589
2599
2649
5140
2590
5261
2591
2650
2861
2595
2864
3648
2594
2599
3647
2595
2596
2597
2597
2598
2599
5261
2602
2615
3824
2602
3527
4598
5264
3588
5265
2604
2606
5345
2605
2616
2606
5265
2607
4601
5264
2609
2612
2623
2617
2622
5262
2611
2624
5269
2612
5540
5271
2614
5269
5540
2616
5267
2616
2617
5271
2617
5263
2619
2620
2630
3205
5266
2621
5266
2624
5267
5269
2623
3206
5267
2624
2626
2625
2626
2629
2627
2628
3203
2629
5274
2630
5274
2632
3657
5650
2644
5816
2634
2639
5652
2635
2637
5275
5645
2637
2643
3667
2639
3659
2639
2640
2642
2641
2641
2645
2644
5815
2643
5667
3605
2646
3660
2646
5659
2647
3663
5660
2650
3398
3665
2650
3646
3674
2862
2653
3698
5137
2653
3175
5136
3780
2655
3701
5137
2656
2657
5090
3170
5136
2658
5091
5696
3120
3172
2660
2661
2668
2663
2664
2662
2671
2663
2673
3699
2665
3688
3700
2666
3714
5285
2667
2668
2670
5285
2669
2670
2671
2672
2704
2672
2673
3697
2677
2849
3685
4583
2676
2682
3781
5155
2678
3684
2678
2680
2858
2679
2680
5279
2681
4932
5280
5277
5279
2684
2685
3129
2687
3136
5159
2686
2693
2687
5283
2692
5102
2689
3735
5282
5080
5284
2691
2693
5081
5080
5283
3736
5284
2694
2709
3130
2829
3408
3718
5161
3727
3861
4484
2699
5286
5429
5709
2700
3137
5286
2700
2701
2714
2701
2705
3732
5281
2703
2704
2706
2705
2709
2705
2712
2707
2711
2710
2712
2709
2711
5081
5282
5281
2711
2715
2713
2714
2715
2716
2716
5282
3066
5233
5288
2719
2796
5098
2722
5099
2798
5098
5287
2724
5099
5288
2723
3761
2725
3766
2725
5233
2726
3765
5232
2728
2736
2991
2729
3208
2730
2775
2790
2731
2737
2733
2791
2733
2734
2989
2735
2735
2736
2737
2737
2740
2994
5236
3320
4267
5239
3743
4324
2743
2745
3641
5531
2743
2746
2761
2744
4568
2745
2746
5176
2747
2756
2759
2750
2752
2760
2750
2751
2753
2763
2765
5289
2753
2754
2755
2755
2756
2758
2757
2758
2761
5289
2760
5176
5177
5290
2764
2975
5010
5331
2764
2765
2974
5177
5531
2766
2767
2768
5290
5531
2768
2771
5220
5292
2770
4519
5115
5292
2771
2979
5114
2980
2775
2779
2785
2774
2776
5180
2775
2777
5181
2777
2789
2778
2779
2782
2780
2781
5179
2782
2783
2784
2784
5178
2789
2787
5179
2787
2788
5180
5181
2789
5178
2791
2793
4271
3745
4274
2793
2794
3747
2795
5181
3041
4174
3042
3207
2798
3759
5294
2798
3059
5293
3062
3752
4699
5293
3787
3806
5222
3786
3803
4579
3173
3784
5223
2804
2814
3808
2806
3299
2806
2811
2813
5203
2808
2809
5202
3812
5295
2810
2812
2811
5296
2812
5203
2814
2817
2816
2816
2818
3819
5185
3818
5278
2818
5296
5184
5295
2822
3031
3194
2823
3040
3199
2823
3715
3825
3522
3830
3836
2825
3846
4369
5193
2828
4373
2827
2828
4375
3842
4443
3844
2834
3421
4614
2831
2834
3169
2832
5297
2833
3168
2924
3859
5298
2846
2836
2838
4609
3834
5300
2838
2840
5300
2839
2841
2846
2841
2842
2843
2843
2845
5297
2845
4642
5300
4657
4613
5297
2848
3886
4000
3011
4191
4293
2858
3712
4296
2851
2852
4180
2857
5152
5302
2854
4300
2854
2856
4295
5205
2855
2856
2857
2858
2858
2860
3565
4852
5040
3564
3595
2862
2863
5150
3644
5423
2864
3572
3576
3645
2866
3562
3580
3563
4900
2868
2877
3106
2869
4025
2870
2872
2871
4027
2873
4741
2873
2875
2874
2876
3960
2876
2877
2878
2878
3961
2880
3893
4855
5105
2881
2882
2883
4426
2883
2884
2886
2885
3894
2886
3892
3438
5059
2890
2891
4943
2889
2891
2895
2890
3498
3497
2892
2894
4948
2894
2896
3908
2895
5209
2896
3501
5304
5306
5385
3333
5304
5308
3922
5304
5307
3334
3918
5306
2902
5310
5604
2903
3911
2905
5308
2905
2906
5307
2907
2907
2908
5310
2909
2910
4977
5310
3924
5449
2913
3927
5585
2918
3948
4681
2914
2915
3938
2942
3956
5587
2916
2917
2918
2941
2918
3939
2920
3974
4956
2923
5312
2922
3442
3972
4553
2923
5314
3969
2929
3876
4654
3875
3887
3986
4403
5455
5567
2929
5455
5569
2929
2930
4653
5575
3982
3998
4649
4822
4405
4829
4999
5561
2933
3187
4011
4133
5460
3165
3188
4010
4502
3905
4023
4427
3430
3951
5315
2939
4022
5489
5590
2939
2941
3952
5316
2942
4733
2954
5316
5318
2942
5318
5589
2944
2946
2950
3446
2945
2954
2946
2947
2948
5313
2948
2952
2951
2950
2951
4966
5580
3447
5594
2953
2953
2958
2960
2955
5596
2956
5318
5576
2957
2958
2959
5577
2959
2960
3095
5578
2962
3110
4395
2964
4048
2964
2973
3107
4077
2971
4068
2966
2969
4070
2967
5171
5320
2968
5321
2969
2970
2971
2972
5322
2972
2973
2976
5331
2975
2978
2980
2976
2982
4074
5322
2978
2985
5321
5322
2980
2981
2982
2984
2987
3275
3274
4524
2986
3277
4076
2985
2987
2986
2987
2989
2994
2995
2991
4275
2991
2996
5349
3209
2993
4091
4268
5239
2994
4078
5237
4276
2996
4079
4101
2998
3001
4778
2999
4777
3000
3013
3001
3002
3004
3003
3006
3004
3005
3686
5333
3007
3014
3007
3008
3009
3009
3010
3012
5255
3011
3013
3012
4182
3014
4292
4183
3687
4587
3016
3022
3034
3017
3018
3019
5401
3019
3020
3021
3021
3022
3890
3138
3024
3045
4165
3025
3026
3027
3841
3027
3028
3029
3029
4164
3881
3031
3035
3039
5443
3038
3191
3033
3036
4262
3192
4248
4260
3035
3037
4179
4178
5401
3037
3038
3038
3837
4171
5343
3048
3201
3838
3042
3043
4170
3044
4172
3044
3046
3200
3047
3840
4169
3047
3048
3048
3054
3056
5323
3051
3058
4526
3052
3053
3054
3640
3054
3057
3056
3057
4562
4560
3058
4558
3062
4103
4917
3061
3065
4104
3071
3080
4112
3067
3754
3064
3065
3069
3066
3753
5232
3066
3067
4105
5287
3069
3070
3755
3071
3071
5324
3073
3077
3091
3074
3075
3076
3078
3076
3086
3079
3078
3089
3080
3080
3083
5221
3082
3082
3089
5234
5325
5326
3085
5326
3085
3087
5325
3086
3088
3088
3090
3091
3090
3091
3093
4120
4126
3094
5116
4766
5117
5109
5328
5581
5109
5117
5583
3101
4491
4768
5417
3102
3104
5447
3100
4493
5829
3101
3102
3102
3105
3906
4029
5597
3105
3106
4772
4773
5448
4030
5329
3110
4153
5332
3109
4397
5519
3110
3111
4396
4757
5332
3118
3387
5515
3116
3384
4144
3115
3117
3954
5251
3424
3949
4145
3117
3118
3118
5250
3122
5334
5692
3121
3124
5694
3128
3171
3773
3123
5693
3124
3125
3126
3126
3127
3128
3128
5336
3130
3132
3136
3131
3730
3133
3137
3133
4158
3134
3705
4160
3136
3748
4155
5158
3731
3703
3729
3139
4177
4791
3140
3142
3141
5118
4176
5119
3143
4185
3329
5118
3146
3154
4702
3146
3980
5188
5189
3149
3758
3981
5517
3149
3152
5517
3151
3151
3152
5188
3979
3153
3154
5189
4701
3156
3158
3465
3157
5338
3158
3160
3159
3161
5339
3161
3543
3162
3163
3542
3540
4226
5339
3165
3166
4218
4216
4342
4340
5340
3169
3344
4210
3169
3341
3867
3420
3172
3175
3185
3172
3180
3775
3182
3176
3180
3776
3175
3184
5439
3778
3177
3178
5222
3179
3777
3817
3179
3183
5439
3181
3182
3183
3185
3184
3185
3187
4220
4419
3188
3629
3627
4217
3631
4197
4411
5225
3649
5487
5678
3192
3194
5343
4245
5344
3194
4247
5441
3829
3196
3202
4244
3197
3198
4255
5347
3205
5348
3201
3203
3827
3201
3202
5344
5343
3204
3204
3206
3205
5274
3206
3826
3215
4257
4273
3209
3212
4272
4270
5350
3211
3217
5214
5350
3212
3213
3215
3214
4251
3215
4252
4093
4269
5350
5475
4254
5240
5475
3219
3220
4284
3221
4289
3221
3225
5352
3226
5352
5463
3224
3225
3397
4286
3226
4947
3226
5138
3228
3238
3243
3229
3240
5227
3237
5229
3231
3236
5228
3232
3246
3233
3245
3234
5228
3242
3977
5229
3236
3238
3246
3237
3238
3240
3241
3244
3242
5226
3242
3245
3967
3976
3244
3247
3248
3248
3762
3247
3248
3770
3250
4064
5356
3265
4065
3252
3256
3280
5354
3253
3254
5353
5356
3255
3258
3256
5112
3257
5113
5358
3259
3260
3261
5356
3261
3262
5076
3263
3263
5077
5360
3265
5113
5357
5359
5359
3267
3278
4143
3273
4151
3271
3274
4152
4523
3270
3275
3276
3271
3272
3273
3273
3281
3275
5361
3277
3277
3279
5362
3282
4141
3280
3281
3282
4072
3282
3289
4301
4581
3285
3287
4313
3286
5365
4310
5366
5254
5364
5368
3289
5365
5368
5366
3291
3293
4933
3810
4934
5369
3294
4294
4826
5205
3294
3295
3295
5204
4983
3297
3299
4991
3301
4308
3299
3301
3813
5202
3809
3301
3815
5478
3304
3312
3317
3304
3305
3307
3306
3306
3309
3313
3308
3316
3309
3310
3311
3311
3318
3314
3313
3315
3353
3314
3315
3319
3317
3318
3319
3319
3321
3325
4832
3322
4319
5238
3323
4318
3324
3332
3325
3330
3326
3329
4835
5119
3328
3331
4786
3329
3330
4787
3331
3332
3742
3348
3915
5385
3914
4329
5385
3336
3347
5372
5395
3337
3534
3346
3916
3463
4204
5340
5376
3342
3458
3487
3341
3342
3459
3344
5393
3343
3344
3345
5377
3364
4203
3347
3348
3350
3494
5380
3349
5379
3352
4350
3352
3353
3352
3355
4352
3354
3355
3356
3493
3356
3471
3358
3359
4344
3366
4345
3360
3361
3362
4364
3362
3363
3364
3366
4339
3365
5382
3486
4359
5381
5386
3368
3374
4368
3369
4370
3379
4372
3371
3372
3376
3377
4692
3373
4466
5131
3374
3378
5135
4465
3376
3388
5245
3377
3378
3379
3387
3379
3380
3382
3381
5244
3382
5637
3383
4380
5638
3387
3388
4390
4044
5244
5636
3388
4043
5245
5247
4381
3390
3394
4307
4309
5482
3392
3395
3475
3394
3478
3394
3395
4306
5731
3397
3407
3656
4285
3400
3679
3405
3650
3675
3400
3402
3407
3401
3403
3677
3403
3404
3405
3405
3406
3407
3658
3409
3422
4537
3410
5163
5558
3411
3412
3412
3418
3423
4208
3417
3559
4481
4869
3561
4414
4875
4898
3416
3419
5388
3566
5488
3418
3419
5559
4868
5388
3567
5553
3421
3868
4207
3422
3863
3423
4865
4206
4870
3425
3431
4146
3428
4148
3427
3429
4515
3428
4522
5218
3429
3430
3431
4748
3950
4034
3436
4040
5390
3434
4033
4744
5074
3435
3436
5073
5392
5391
3438
5390
5391
5060
5392
3440
3446
4556
3441
4437
4439
4546
3443
3444
4554
3445
4021
4423
3445
3446
5314
3447
5461
3447
4422
3449
3456
3990
3450
3451
3452
3460
3452
3454
3453
3454
3482
3455
3456
3473
5729
3458
3459
3988
5455
3459
3489
5394
3466
3490
5457
3463
3464
3488
5375
3463
3465
3468
5339
5394
3465
3495
3467
3467
3469
3468
5338
3470
3539
3470
3989
3864
5394
3472
3485
4354
3474
3476
3474
3483
5728
3475
3478
5727
3477
3481
3478
5483
4402
3480
4398
5483
3481
4366
4353
3483
3490
3492
3484
3485
3491
4356
5726
3493
4365
3487
3488
4360
3489
4358
3489
3495
3491
3491
3495
5458
3493
5396
3494
4362
5396
5396
3497
3500
3680
3498
3681
3499
3501
3500
5398
3502
3910
5397
3504
3642
4407
5022
5817
5827
3505
5680
3506
5398
5397
5830
3508
3509
4670
4124
5400
3666
5400
3513
3517
4442
3512
3514
3849
4457
3513
3856
4444
3516
3515
3518
3516
4978
4975
4440
4675
5770
3519
4459
3520
4979
4463
4479
3522
5402
5404
3724
5443
5404
5406
5408
3525
3581
5791
3526
3578
3527
5410
3577
4599
3529
3530
5616
3531
5612
3531
3532
3634
4018
3535
3536
3534
3536
3913
5374
3535
3917
5614
3635
5373
3538
3554
4874
5414
3540
4224
5412
3540
3541
5411
3542
3543
3547
5338
3543
3545
3544
3545
3546
3554
3547
3549
3548
3550
3869
3550
3551
3552
3553
3554
3553
3860
3862
3566
3568
3576
3557
3567
3568
5545
3558
3570
3584
3559
3562
3579
3561
3567
3561
3565
3566
5527
3563
3563
5416
3564
3565
5415
3576
3567
3569
3570
3571
3575
3572
3574
3573
3576
3574
5150
5415
3575
5416
3578
3586
4885
3581
3583
3580
3585
4480
3581
4482
4877
3583
3591
3594
3585
3586
3585
3591
4545
4543
3588
4542
3588
3589
4541
3590
3590
3593
3594
3592
3593
3594
4544
5147
3597
3598
3601
3597
3599
3606
3662
3604
5047
3599
3607
5415
3614
5151
3601
3602
3608
3603
3603
3615
3604
3605
3606
5662
3661
5661
3608
5149
3610
3610
3611
3615
3612
3612
3613
5149
5148
5664
5148
5665
5663
3617
3618
4509
3620
4506
3619
3626
3620
3621
3623
3622
3625
3623
5418
3624
4504
5418
3626
4495
4496
3629
3632
4501
3629
3631
4130
5341
4131
3631
4486
5420
5677
3632
4201
5420
3934
4505
5762
3635
4017
4674
4503
4672
3933
4002
4127
4500
3932
4003
5421
3639
4525
5015
5292
3640
4913
5291
4527
4914
4566
4747
5014
3643
3647
3671
3649
5020
5681
3645
3646
5044
3648
5039
3647
3668
3648
3649
5018
3651
3658
3665
3652
3656
3682
3653
3683
5045
3654
3666
4671
3655
3659
5275
3656
3657
5276
3658
3658
3660
3660
3667
3663
3662
3663
3667
5424
5425
3664
3665
5424
5423
3667
5046
3670
3671
3674
3670
3672
4665
5023
3683
5043
3672
3680
5021
5428
3674
3676
3680
5140
3675
3677
3682
3677
3678
5141
3679
3679
4668
3682
3681
4669
5427
3683
4664
3685
3689
3783
3711
4585
3687
3707
5825
3706
4588
3689
3709
5703
3710
3697
3700
5285
5430
3692
3693
5819
3694
5430
3694
3695
3696
3696
3701
3697
3699
3699
3701
5706
3700
5705
5707
3703
3714
3737
5286
3704
3705
3728
4193
4788
3713
4192
3707
3711
5521
3708
4779
3709
5523
5697
3710
3714
3711
5301
3712
4196
5302
3714
5301
3722
3822
4607
3820
4530
5107
4529
5107
5431
5550
3721
4538
4623
3720
3722
4622
3721
5432
5160
5431
5106
3726
3833
4882
3725
3831
4625
3726
4617
5404
3727
4483
4616
3729
3750
5718
3730
3732
3731
3733
3736
3749
3733
5723
3735
5281
3735
5433
5722
3736
5434
4790
5523
5710
3739
4780
5698
3740
5436
3741
5701
5435
5714
4316
4785
5436
3744
4277
4326
3745
3746
3747
4278
3747
3748
4175
3749
4812
3750
4327
4328
4807
5030
5075
5507
4705
5505
5507
3754
3755
3765
3756
3759
3756
3757
4919
5438
3768
5438
3759
3760
5453
3761
3761
3763
3766
3763
3770
5453
3764
3766
3769
3766
3767
3768
3769
3770
3770
3772
3774
4571
5825
3773
3782
5691
3774
3775
4573
5336
3776
3778
3777
4572
4923
5440
3780
5440
3781
4927
5277
5440
3781
3782
3783
3783
5704
4586
3785
3801
4575
3787
3793
5223
3787
3789
4577
3788
3789
3792
3790
3791
3798
3792
3794
3793
3795
3795
3799
3801
3797
3800
4574
5335
3798
4576
3799
3800
3801
3803
3804
3807
3806
4925
3805
3814
3806
3816
3817
3811
3815
4303
3809
3810
3818
3811
3813
3811
4935
5370
3813
3814
3819
3815
3815
3817
3819
4926
3819
4937
3821
3822
3824
3823
3828
4539
3823
3825
3831
4608
4597
5263
3827
5262
3827
5262
5346
3829
3833
4596
4884
3830
5442
3831
3832
3833
3833
4590
3835
4610
4646
3836
3841
3838
4606
3838
3839
5444
3840
3840
3883
4168
3841
3882
3844
3851
3856
3844
3845
3850
3846
3846
3847
5192
4628
3852
4637
5078
3849
3857
4634
3856
4629
3851
3854
3858
3853
3854
3855
4636
3855
3857
3858
3858
3867
3876
4620
3862
3869
5407
3862
4619
5413
5414
3868
4618
5413
3865
3871
5411
3866
3867
5393
3868
4205
5412
3868
3870
5411
3871
3873
3877
3874
4621
5405
5408
3875
5407
3875
3876
3889
3877
3877
3984
3879
3880
4187
4189
4652
5206
3881
4643
3882
4797
3883
4644
4796
5446
4627
4645
5405
5446
3886
3887
5252
3888
4188
3888
3889
3997
4650
4648
5405
3891
4793
5253
4795
5401
5445
3894
3902
4861
3894
3896
4862
3895
3896
3900
3897
3899
4708
3899
3901
4712
3900
3901
3902
5031
3904
3906
3909
5592
3905
4428
4939
3906
3907
5448
3908
5447
3910
4941
4116
4658
5579
5427
5757
3912
3916
5602
3915
3923
5308
3914
3917
4673
3915
3918
3916
3917
5601
3920
5776
3920
3921
5259
5768
3922
5306
3922
3924
3923
3924
5307
5450
3926
3932
4763
3927
3935
3936
4774
3929
3930
4769
5417
3937
3963
4770
3934
5493
3932
3934
5422
5499
3933
3934
4761
3936
3942
5499
3937
3938
3964
5493
3939
3955
3940
4690
3941
3942
4467
4475
4689
4477
3944
3946
4731
3945
4383
4035
4382
3947
3958
4384
5479
3952
3953
4682
3950
3954
5451
3951
4036
3952
3953
4734
3954
5515
3956
3964
4687
3966
4736
3958
3959
3960
4685
4737
4447
4684
3961
4738
3962
5329
3963
4449
3964
5330
4450
3966
4031
4739
5329
5330
5588
3968
3976
5454
3969
3970
3972
3974
3971
5437
5454
3972
4551
4698
3973
3974
4020
4706
3975
3976
3978
3977
3978
3979
3980
3980
3981
4703
4700
5454
3984
3996
5456
3984
3985
3989
3986
3986
3987
3995
3990
3992
3989
5456
5458
5457
5457
5738
3992
3993
3999
3994
3995
3994
4722
4001
5735
3996
3997
3998
4001
3998
4000
4823
4000
4717
4291
4406
4830
4003
4005
5501
4007
4017
4005
4006
5459
4128
5460
4007
4008
4009
4009
4015
4018
4011
4014
5501
4013
5460
4013
4015
5459
4014
4016
4016
4018
4018
5501
4710
4952
5352
5464
4021
4707
4957
4424
5462
4028
4434
4732
4024
4029
4431
4025
4026
4027
4030
4027
4032
5389
4742
4029
4031
5591
4030
4031
4740
4038
4430
5390
4040
4743
5491
4036
4749
4756
4036
4042
4729
4727
4038
4433
4725
5491
4040
4726
4040
4041
4728
4042
4759
5520
4044
4047
4391
4045
4378
4052
5216
4047
4063
4142
5217
5246
4049
4067
4389
4050
5799
4051
5802
4054
5804
4055
4059
4387
4054
4056
4058
4066
4056
5630
5806
4059
4067
4137
4388
4059
4060
4066
4061
4061
4065
4062
5216
4063
5217
5357
4140
5358
4065
4071
5353
5357
4067
4069
4068
4070
4077
4070
4071
5320
5319
4139
5354
5362
4076
5319
5353
4075
4077
5361
4076
5320
5321
5362
4136
4079
4081
4091
4082
4101
4081
4083
4100
4082
4084
4084
4085
5466
4086
5465
4087
4099
4088
5465
4089
5467
4090
5466
4101
5468
4093
4098
4093
4094
4101
5349
4095
5111
5468
4097
5111
4097
4099
5110
4098
4100
4100
4103
4108
4564
4105
4915
4105
4106
4112
4107
4107
4110
4108
4109
4110
4114
4113
4112
4113
4910
5221
4912
4114
4565
4116
4118
5582
5744
4659
5759
4118
4121
4660
4119
5328
4120
5126
5327
5127
5745
4122
5126
4123
4124
4234
5127
5533
4662
5024
4497
5754
5818
5827
4135
4767
5746
4128
4129
4762
4133
4765
4131
4490
4499
4131
4132
4498
4133
4134
5342
5827
4134
4135
4230
4231
5748
4137
4138
4153
4140
4377
4139
4152
5361
4140
4141
4142
4142
4143
5470
4144
4151
4145
5469
4146
4392
4147
4148
4150
4393
4755
4149
4151
4150
4152
4518
4153
5007
4152
4394
4155
4156
4161
4158
4813
4157
4162
4158
4159
4160
4160
4166
4803
4163
4810
4163
4167
4165
4165
4167
4816
4817
4167
4805
4169
4171
4815
4170
4818
4172
4174
4173
4178
4173
4258
4261
5344
4175
4811
4279
4809
4177
4265
4839
4179
4799
4179
4800
4263
4181
4194
4195
4192
4196
5302
4183
4191
5521
4184
4776
4185
4186
4781
4792
4188
4794
5252
4189
4194
4798
4189
4191
4190
4191
4195
4297
4193
4804
4775
4802
4806
4196
4298
5521
4199
4201
4213
4199
4200
4211
4208
4201
4335
5419
4215
4203
4211
4334
4338
5377
4221
4337
5378
4207
4223
5378
4207
4208
4222
4210
4209
4210
4211
5165
5377
4213
4220
4417
5472
4215
4222
4215
4216
4221
4336
4217
4217
4218
4220
4219
4227
4220
4228
4223
4227
4223
4225
4224
4225
4226
4872
5472
4227
4228
5340
5472
4231
4234
5525
5533
4231
4233
4239
4232
4233
4235
4243
4235
4237
4236
4237
4242
4238
4240
5525
4241
4420
5525
4241
4242
4243
4243
4245
4252
4255
4247
4248
4247
4249
4256
4255
4249
4250
4253
4252
4254
4259
4252
4254
5474
4254
4256
5241
5474
5243
5474
4258
4259
4273
4261
4279
4260
5476
4261
4262
4263
4263
4264
4265
4265
4266
4841
4267
5476
4268
4842
4269
4276
4270
5476
4272
4275
4272
4273
4274
4273
4275
4278
4276
4277
4278
4843
4279
4840
4281
4290
4955
4282
4287
5646
4283
4285
4284
4290
4286
4289
4286
4287
4961
4962
5276
4289
4290
4954
4953
4293
4713
4819
4293
4589
4714
4297
4295
4582
4827
4296
4300
4298
4584
4298
4299
4300
4300
4821
5206
4302
4310
4721
4303
4304
4985
5478
4305
5477
4306
4310
4307
4311
4309
5477
4309
4988
5478
4989
4313
4312
4990
5733
4313
4723
4724
4316
4784
4834
5717
4316
4317
5435
5715
4318
4320
5721
4319
4320
4322
4833
4321
4322
4323
4324
5236
4325
5433
5720
4325
4326
4327
5434
4327
4844
4328
4845
5719
4331
5374
5383
4331
4332
4339
4514
4333
4334
4335
4513
4335
4338
4336
4337
4342
4338
5376
5382
5382
5383
4341
4342
5376
5371
5373
5503
4345
4350
4361
5379
4345
4347
4364
4346
4348
4349
4348
4363
4366
4350
4351
4352
4352
4353
4354
4354
4366
4365
4356
4357
4366
4399
4358
4365
4358
4363
4360
4360
4361
4364
4362
4362
5380
4365
4364
4368
4369
4460
4631
4370
4462
4370
4373
4372
4372
4373
5480
4691
4375
4375
4376
4686
4376
4453
4461
4388
4394
5470
4387
4391
5635
4385
4395
5633
4381
4386
5634
4390
5452
4383
4397
5451
4384
4385
4386
5452
4386
4388
5632
4389
4395
5631
4391
5469
5470
4393
5451
5469
4394
4397
4396
4396
4397
4399
4400
5484
4401
5724
4401
5000
4403
5482
5484
5725
4404
4405
4406
5456
5734
4406
5001
5736
4408
4851
5342
4409
5487
5672
4410
4411
5225
4412
5388
5488
4417
5341
4414
4415
4876
4414
4416
4848
5527
4416
4417
5471
4418
4419
4419
4420
5341
4849
5342
4422
4428
4429
5593
4423
4435
4424
5051
4425
4857
4428
4854
4938
4427
4853
5056
4428
4432
4432
4435
5490
4431
4433
5058
4432
4434
5057
4434
5492
5490
4437
5052
4437
4438
5315
5490
4439
4439
4750
5492
5053
4442
4446
4469
4442
4443
4445
4444
4444
4453
4455
4446
4451
5494
4448
4449
4452
4450
4476
4688
4450
4451
5494
4452
4453
4454
4455
4461
4473
4457
4472
4457
4458
4460
4630
4459
4459
4464
4463
4461
4462
5495
4465
5496
4468
4471
4465
5498
4466
4693
5497
4474
4695
5123
5123
5498
4470
4472
4677
4476
5494
5500
4472
4474
4479
4473
4474
4476
4475
4476
4477
4478
5500
4479
4679
4676
4481
4482
4534
4536
4867
4878
4891
4484
4533
4881
4864
4886
4493
4495
5673
4487
4498
5675
4489
4496
4510
4489
4491
4495
5418
4490
4508
4492
4498
4492
4493
4494
4760
4494
4497
5753
4496
5676
4498
5674
4500
4501
4508
4505
5502
4502
4512
5502
5503
5502
5504
5773
4505
4506
4508
5771
4507
4509
4514
5772
4510
4510
4511
4512
4512
4513
5420
4514
5503
5504
4516
4522
4753
4517
4752
4528
4548
4754
4522
4523
5008
4520
4524
4525
4521
4526
4522
4523
5219
4524
5009
4527
5013
4527
4528
4528
4549
4530
4538
5542
4539
4541
4534
4540
4542
4879
4533
4538
4539
4624
4535
4540
4536
4543
4536
4537
4866
5624
4538
5625
4540
4880
4542
4544
4543
4545
4545
5543
5541
4547
4556
5065
4548
4557
4549
5066
4558
4906
4551
4559
4920
5437
4552
4553
4704
4918
5538
4554
4555
4556
5537
4556
4563
4558
4563
4562
4560
4561
4562
4921
4562
4563
4565
4916
5510
4569
4911
4567
4568
4909
4908
5069
5508
4569
4570
5510
5508
5510
4573
4586
4588
4573
4575
4924
4574
4575
4576
4577
4577
4578
4579
4580
4587
4581
4922
4581
4715
5368
4719
4584
4718
4931
4584
4585
4930
4589
4586
4588
4928
4588
4589
4716
4591
4592
4596
4593
4602
5442
4593
4594
4595
4595
4605
4603
4597
4600
4598
4602
4599
4601
4600
5511
4883
5512
4602
4603
5345
4604
4605
5511
5512
4607
4610
4626
4608
4622
4624
4625
4610
4613
4622
4611
4612
4627
4647
4613
4620
5298
4614
4618
4623
4617
4619
4621
5408
4617
4619
4624
4625
4619
4620
4621
4627
4623
4624
4626
4627
5444
4629
4631
4637
4630
4634
4631
4632
4641
4633
4640
4634
4635
4636
4636
4638
4637
4639
4639
4640
4641
4641
4643
4646
4657
4644
4652
4645
4646
4647
4648
4647
4655
4650
4654
4650
4651
4653
4652
4652
4656
5207
4654
4656
4655
4657
5298
4657
4659
4940
4967
4660
4661
4662
4965
4663
4666
5758
4663
4670
4665
5025
4665
4668
4671
4666
4667
5428
4669
4942
5427
4669
4946
4944
4671
5513
5514
4673
4674
5763
5599
5765
5421
5609
4677
4976
5766
4677
4679
4980
4678
4679
5422
5500
4680
5421
5610
4682
4690
4696
4683
5516
4685
4687
4735
4685
4686
4688
5479
5480
5495
4688
4690
4689
4690
4695
4692
5480
5496
4693
4697
4694
5496
4695
4696
5122
5495
4697
5516
4700
4704
4706
4705
4711
5518
4703
5518
4702
4711
5518
4703
4709
4706
4705
5029
5028
4707
4710
4858
4709
4712
4860
4710
5351
4859
4712
5027
4714
4717
4825
4716
5363
4716
4719
5364
4718
4722
5363
4720
4824
4720
4721
4929
4984
4724
4986
4723
4828
4724
4987
5364
4726
4727
4732
4728
4742
4729
4734
4729
4730
4731
4731
4741
4737
4733
4740
4734
4736
4735
4736
4737
4739
4738
4739
4741
4740
4742
4742
4744
4751
4759
4745
4746
4747
4754
5068
4747
4758
5003
4749
4750
4753
4751
4756
4751
4752
5491
4753
4754
5006
5004
4756
5005
5519
5520
4758
5012
5519
4759
5520
4762
4768
5741
4762
4763
4769
4765
4764
4774
4765
4766
4767
4767
5622
5743
4769
4772
4770
4771
4774
4772
5330
5620
4773
5621
5740
5586
4782
4788
5522
4777
4781
5522
4778
4786
4779
4780
5522
5524
4785
5524
4782
4787
4783
4801
4784
4787
4836
4785
4789
4786
4787
4789
4790
4790
5716
5524
4792
4793
4799
4794
4801
4794
4795
4798
4796
4800
4797
4815
4798
4816
4806
4800
4814
4815
4802
4814
4804
4807
4804
4805
4813
4806
4806
4816
4808
4812
4809
4814
4838
4811
4812
4811
4813
4817
4818
4813
4837
4818
4817
4818
4821
4823
4825
4821
4822
4831
5207
4827
4823
5626
4830
4825
4827
4993
4828
4827
4831
4992
4830
4994
4830
4995
5626
5626
4833
4835
4842
4834
4844
4836
4845
4836
4839
4837
4838
4839
4840
4845
4841
4841
4843
4842
4843
4844
4845
4847
5032
5526
4848
4852
4849
5528
4851
5526
4851
5019
5487
5528
5017
5041
5528
4854
4855
5055
4856
4857
4856
4862
4859
4950
4858
5049
4859
5530
4860
4862
5529
4862
5026
5054
4864
4865
4874
5413
4866
4905
4866
4870
4867
4869
4892
4869
4870
4876
4875
4872
4872
4873
4876
5471
4874
4874
4895
4876
4893
4878
4885
5788
4879
4888
4880
4885
4881
4884
4882
4887
4884
5779
4884
4885
5778
4887
4902
4905
4888
5785
4891
5787
4890
4896
4903
4899
5786
4892
4900
4893
4905
4895
4898
4895
4896
4904
4905
4897
4898
4899
4900
4900
4902
4903
5784
4904
4904
4907
4914
4921
4908
4918
5067
4909
5506
4911
4913
4911
4912
4913
4916
4915
5324
4914
5323
4916
4917
5506
4919
5505
4920
5505
4920
5324
4921
5323
4924
4925
4929
4924
4926
4927
4928
4926
4935
4937
4928
4936
4930
4931
4934
4931
4932
4933
4933
4936
4934
4935
4937
4937
5278
4939
4950
4969
4940
4941
4942
4968
4942
4948
4944
4944
4945
4948
4946
4946
4947
4959
4960
5463
4949
4950
5463
5464
4952
4960
4969
5464
4953
4957
4954
4961
4955
4956
4962
4972
4957
4958
5462
4972
5312
5461
4960
4963
4968
4961
4962
4963
4964
5514
4965
4971
5513
4967
5125
4967
5124
5461
4968
4969
5462
4971
4972
5124
5125
4977
4978
4981
4976
5450
5600
5767
4976
4978
5449
4980
5449
5605
4979
4980
4982
5598
4982
5608
5617
4992
4996
5369
4986
4993
5369
4986
4988
5370
4987
4990
4994
4989
4991
4990
5485
5486
4996
5370
4993
4995
4994
4995
4999
4997
4998
5002
4999
5000
5001
5001
5002
5486
5481
5485
5004
5012
5014
5006
5013
5006
5007
5012
5008
5008
5011
5009
5010
5013
5011
5532
5012
5332
5015
5015
5532
5532
5017
5033
5526
5534
5019
5022
5019
5020
5038
5037
5021
5022
5023
5750
5749
5025
5042
5025
5034
5534
5752
5031
5048
5529
5028
5031
5529
5029
5030
5063
5530
5031
5062
5033
5035
5041
5034
5037
5036
5042
5036
5047
5046
5400
5038
5041
5039
5042
5040
5044
5041
5047
5043
5044
5045
5426
5046
5426
5425
5425
5050
5054
5070
5050
5051
5055
5530
5536
5052
5535
5053
5057
5061
5064
5055
5059
5056
5057
5059
5058
5060
5061
5060
5071
5072
5492
5063
5070
5075
5536
5538
5065
5072
5535
5066
5537
5067
5068
5069
5538
5069
5074
5075
5071
5536
5072
5073
5074
5074
5075
5077
5079
5192
5081
5083
5085
5170
5087
5089
5216
5091
5093
5095
5096
5097
5100
5099
5101
5176
5103
5156
5105
5107
5432
5109
5116
5327
5111
5467
5113
5360
5115
5117
5119
5121
5123
5497
5125
5127
5129
5629
5131
5133
5135
5137
5139
5141
5143
5145
5272
5147
5149
5151
5424
5153
5301
5155
5157
5159
5159
5161
5163
5163
5560
5165
5167
5169
5171
5173
5175
5177
5179
5181
5183
5185
5187
5189
5191
5193
5195
5197
5199
5201
5203
5205
5207
5209
5211
5213
5702
5695
5215
5349
5217
5219
5221
5291
5223
5225
5387
5671
5227
5229
5231
5233
5235
5237
5238
5239
5241
5243
5473
5245
5249
5247
5249
5251
5253
5406
5255
5363
5257
5259
5261
5263
5345
5265
5267
5269
5271
5540
5539
5274
5276
5514
5643
5278
5280
5280
5282
5284
5286
5288
5290
5292
5294
5517
5296
5298
5300
5302
5304
5306
5308
5310
5312
5314
5314
5316
5489
5318
5320
5322
5324
5326
5328
5330
5332
5334
5336
5825
5336
5338
5340
5342
5344
5346
5348
5442
5348
5441
5350
5352
5354
5358
5356
5358
5360
5362
5364
5366
5368
5370
5372
5375
5374
5384
5374
5504
5376
5381
5378
5393
5380
5386
5384
5382
5384
5384
5386
5386
5388
5390
5392
5394
5396
5398
5400
5402
5443
5445
5404
5406
5445
5408
5410
5511
5793
5412
5414
5414
5416
5418
5420
5422
5764
5424
5426
5426
5428
5755
5430
5711
5820
5432
5434
5436
5438
5453
5440
5442
5444
5446
5446
5448
5756
5760
5450
5603
5452
5515
5454
5456
5458
5737
5460
5462
5464
5466
5468
5470
5472
5474
5476
5478
5480
5516
5482
5484
5485
5484
5486
5739
5488
5527
5490
5595
5492
5494
5499
5496
5498
5500
5502
5504
5506
5508
5508
5510
5512
5777
5514
5516
5518
5520
5522
5524
5699
5526
5528
5530
5532
5534
5747
5751
5536
5537
5538
5540
5543
5545
5624
5543
5550
5625
5547
5545
5546
5555
5553
5547
5548
5549
5549
5551
5550
5552
5552
5556
5560
5554
5559
5555
5557
5556
5557
5560
5559
5560
5625
5624
5563
5567
5627
5563
5564
5566
5565
5565
5571
5570
5567
5568
5569
5569
5573
5575
5572
5627
5572
5573
5574
5574
5575
5627
5577
5589
5596
5578
5584
5580
5581
5580
5582
5592
5594
5582
5583
5623
5584
5622
5585
5586
5587
5620
5622
5588
5589
5591
5620
5590
5591
5595
5597
5593
5597
5594
5595
5596
5596
5621
5600
5610
5617
5600
5601
5609
5603
5602
5614
5603
5604
5605
5605
5606
5608
5607
5613
5608
5618
5617
5610
5612
5611
5612
5619
5616
5614
5615
5616
5616
5618
5619
5619
5621
5623
5623
5742
5625
5627
5629
5640
5797
5630
5636
5632
5798
5632
5633
5795
5635
5634
5639
5635
5638
5636
5637
5638
5640
5641
5641
5796
5641
5651
5653
5657
5645
5646
5650
5645
5647
5651
5652
5647
5649
5648
5649
5653
5655
5655
5816
5652
5815
5654
5655
5656
5657
5816
5815
5666
5668
5822
5660
5667
5668
5661
5670
5662
5665
5663
5667
5664
5666
5665
5822
5670
5667
5669
5670
5822
5672
5677
5686
5678
5817
5674
5676
5689
5675
5818
5676
5677
5824
5823
5681
5683
5680
5682
5689
5681
5818
5817
5683
5684
5685
5685
5687
5686
5688
5688
5690
5823
5690
5824
5694
5704
5826
5693
5698
5826
5694
5695
5696
5696
5702
5707
5699
5703
5826
5699
5701
5700
5701
5712
5820
5702
5819
5704
5705
5706
5706
5820
5707
5819
5713
5721
5722
5710
5711
5723
5712
5716
5712
5713
5714
5714
5715
5717
5721
5717
5718
5719
5719
5723
5720
5721
5722
5723
5725
5726
5734
5727
5739
5728
5737
5728
5731
5729
5730
5738
5731
5732
5733
5733
5735
5739
5736
5737
5736
5738
5739
5738
5741
5742
5760
5743
5753
5743
5744
5746
5745
5759
5746
5747
5748
5748
5751
5828
5750
5751
5828
5752
5755
5752
5758
5754
5829
5828
5830
5757
5758
5757
5760
5829
5830
5759
5760
5772
5774
5776
5764
5771
5775
5764
5765
5773
5766
5767
5776
5767
5770
5768
5769
5776
5770
5774
5775
5772
5773
5773
5775
5778
5780
5793
5779
5788
5781
5785
5781
5782
5783
5783
5794
5784
5785
5786
5787
5787
5789
5788
5791
5790
5794
5791
5792
5793
5793
5794
5796
5798
5799
5797
5813
5798
5810
5806
5802
5812
5801
5807
5811
5802
5803
5804
5804
5805
5806
5806
5808
5808
5809
5810
5810
5814
5812
5814
5813
5814
5816
5818
5820
5822
5824
5826
5828
5830
)


// ************************************************************************* //
