/*--------------------------------*- C++ -*----------------------------------*\
| =========                 |                                                 |
| \\      /  F ield         | OpenFOAM: The Open Source CFD Toolbox           |
|  \\    /   O peration     | Version:                                        |
|   \\  /    A nd           | Website:  www.openfoam.com                      |
|    \\/     M anipulation  |                                                 |
\*---------------------------------------------------------------------------*/
FoamFile
{
    version     2.0;
    format      ascii;
    class       vectorField;
    location    "constant/polyMesh";
    object      points;
}
// * * * * * * * * * * * * * * * * * * * * * * * * * * * * * * * * * * * * * //


1380
(
(0.1 0 0.02)
(0.1 0 0)
(0.1 0 0.015)
(0.1 0 0.01)
(0.1 0 0.005)
(0.1 0.05 0)
(0.1 0.045 0)
(0.1 0.04 0)
(0.1 0.035 0)
(0.1 0.03 0)
(0.1 0.025 0)
(0.1 0.02 0)
(0.1 0.015 0)
(0.1 0.01 0)
(0.1 0.005 0)
(0.1 0.05 0.02)
(0.1 0.05 0.015)
(0.1 0.05 0.01)
(0.1 0.05 0.005)
(0.1 0.005 0.02)
(0.1 0.01 0.02)
(0.1 0.015 0.02)
(0.1 0.02 0.02)
(0.1 0.025 0.02)
(0.1 0.03 0.02)
(0.1 0.035 0.02)
(0.1 0.04 0.02)
(0.1 0.045 0.02)
(0.1 0.003804953241 0.01565295122)
(0.1 0.04632852308 0.01084946302)
(0.1 0.03360652553 0.007885277963)
(0.1 0.003285470992 0.00352934884)
(0.1 0.04596903494 0.01557903875)
(0.1 0.04681395965 0.003487395732)
(0.1 0.04266778229 0.005921284472)
(0.1 0.04134289565 0.01549361516)
(0.1 0.04702833991 0.007109905193)
(0.1 0.007619264201 0.005265520684)
(0.1 0.002769829035 0.01188413949)
(0.1 0.003454863965 0.007707010397)
(0.1 0.008388029238 0.01529174443)
(0.1 0.01267649722 0.004490829036)
(0.1 0.02754027758 0.003550931119)
(0.1 0.01329084427 0.01534370792)
(0.1 0.0370955687 0.004727066701)
(0.1 0.03652002448 0.01557616002)
(0.1 0.03195033112 0.00408321702)
(0.1 0.03166011605 0.01622524132)
(0.1 0.01761395431 0.004027365401)
(0.1 0.01849791547 0.0155620292)
(0.1 0.02337381545 0.01601607725)
(0.1 0.02293341798 0.005003205417)
(0.1 0.006431241853 0.01090107592)
(0.1 0.02751402927 0.01705003657)
(0.1 0.04279734474 0.011476776)
(0.1 0.03815324035 0.01036480399)
(0.1 0.01138440447 0.01005919236)
(0.1 0.01670566661 0.01136755931)
(0.1 0.03263968679 0.01186622664)
(0.1 0.02247832167 0.01097856438)
(0.1 0.02759035436 0.01318841307)
(0.1 0.01536428621 0.007586181019)
(0.1 0.01920941965 0.00782324147)
(0.1 0.02821209344 0.008159432911)
(0 0.05 0)
(0.005 0.05 0)
(0.01 0.05 0)
(0.015 0.05 0)
(0.02 0.05 0)
(0.025 0.05 0)
(0.03 0.05 0)
(0.035 0.05 0)
(0.04 0.05 0)
(0.045 0.05 0)
(0.05 0.05 0)
(0.055 0.05 0)
(0.06 0.05 0)
(0.065 0.05 0)
(0.07 0.05 0)
(0.075 0.05 0)
(0.08 0.05 0)
(0.085 0.05 0)
(0.09 0.05 0)
(0.095 0.05 0)
(0 0.05 0.02)
(0 0.05 0.015)
(0 0.05 0.01)
(0 0.05 0.005)
(0.095 0.05 0.02)
(0.09 0.05 0.02)
(0.085 0.05 0.02)
(0.08 0.05 0.02)
(0.075 0.05 0.02)
(0.07 0.05 0.02)
(0.065 0.05 0.02)
(0.06 0.05 0.02)
(0.055 0.05 0.02)
(0.05 0.05 0.02)
(0.045 0.05 0.02)
(0.04 0.05 0.02)
(0.035 0.05 0.02)
(0.03 0.05 0.02)
(0.025 0.05 0.02)
(0.02 0.05 0.02)
(0.015 0.05 0.02)
(0.01 0.05 0.02)
(0.005 0.05 0.02)
(0.003909674657 0.05 0.01559504935)
(0.09727952328 0.05 0.01188622982)
(0.01592921106 0.05 0.00828197142)
(0.003124762976 0.05 0.003478619054)
(0.09625124663 0.05 0.01565800695)
(0.09674959479 0.05 0.003523508806)
(0.09659777401 0.05 0.007704406773)
(0.007144342088 0.05 0.00592315397)
(0.003559247441 0.05 0.01085400941)
(0.002891381233 0.05 0.007111520308)
(0.008373165262 0.05 0.01553744653)
(0.09248091322 0.05 0.005257608155)
(0.04749556161 0.05 0.016461174)
(0.09175073474 0.05 0.01530349937)
(0.08750186613 0.05 0.004472640303)
(0.0870217603 0.05 0.01540102987)
(0.01260859976 0.05 0.004789141444)
(0.01290126587 0.05 0.01567920445)
(0.01745241957 0.05 0.003909357702)
(0.01773150398 0.05 0.01582802143)
(0.08274272229 0.05 0.003890263229)
(0.08212373493 0.05 0.01575818115)
(0.02214528787 0.05 0.003865156891)
(0.02261453918 0.05 0.01552625141)
(0.0780439875 0.05 0.004078454012)
(0.07722255502 0.05 0.01567123448)
(0.07303583348 0.05 0.005416487439)
(0.07232787581 0.05 0.01534801169)
(0.02702199396 0.05 0.005345013007)
(0.02764243575 0.05 0.01528442162)
(0.03254627497 0.05 0.00511728419)
(0.03272511216 0.05 0.01507642089)
(0.06755452746 0.05 0.005129558333)
(0.0673663925 0.05 0.01510376241)
(0.03783844237 0.05 0.005021631465)
(0.0379597693 0.05 0.01502543565)
(0.06226003372 0.05 0.01501871501)
(0.0623265404 0.05 0.005050908573)
(0.04311316708 0.05 0.01541659402)
(0.04273376298 0.05 0.004469198158)
(0.0570243965 0.05 0.01500898634)
(0.05711620318 0.05 0.005001446977)
(0.0518746498 0.05 0.01541241776)
(0.0522452615 0.05 0.004463217781)
(0.006918493766 0.05 0.01150301914)
(0.04749212769 0.05 0.003945906677)
(0.09369184993 0.05 0.01090300516)
(0.01124581269 0.05 0.01044668732)
(0.08889090197 0.05 0.0100656026)
(0.08398740336 0.05 0.01148108705)
(0.01552627759 0.05 0.01227945789)
(0.0199786776 0.05 0.01122315924)
(0.07938139433 0.05 0.01171817081)
(0.0251430949 0.05 0.01089808952)
(0.07471341615 0.05 0.011043325)
(0.06994597889 0.05 0.0102836287)
(0.03011972928 0.05 0.01023833769)
(0.03548331338 0.05 0.0100699326)
(0.06480312812 0.05 0.01008582522)
(0.04136712965 0.05 0.01001321867)
(0.05946487951 0.05 0.01002543418)
(0.05360412822 0.05 0.01000170929)
(0.04748979977 0.05 0.01185273817)
(0.01963189478 0.05 0.007035408052)
(0.08494679361 0.05 0.007570381223)
(0.08103179169 0.05 0.007782800421)
(0.02293666812 0.05 0.007708809589)
(0.07711536002 0.05 0.007964076002)
(0.04555164046 0.05 0.007712748899)
(0.0494255294 0.05 0.007709554489)
(0 0 0)
(0 0.005 0)
(0 0.01 0)
(0 0.015 0)
(0 0.02 0)
(0 0.025 0)
(0 0.03 0)
(0 0.035 0)
(0 0.04 0)
(0 0.045 0)
(0 0 0.02)
(0 0 0.015)
(0 0 0.01)
(0 0 0.005)
(0 0.045 0.02)
(0 0.04 0.02)
(0 0.035 0.02)
(0 0.03 0.02)
(0 0.025 0.02)
(0 0.02 0.02)
(0 0.015 0.02)
(0 0.01 0.02)
(0 0.005 0.02)
(0 0.003937773688 0.01556664766)
(0 0.04639753271 0.00916182551)
(0 0.0344599076 0.01228654329)
(0 0.003115426646 0.003462887125)
(0 0.04686063894 0.01652738928)
(0 0.04602669286 0.004426445535)
(0 0.04280594643 0.01410938511)
(0 0.04145733513 0.004527850129)
(0 0.04708506204 0.01289911034)
(0 0.007124355736 0.005866785673)
(0 0.003564451593 0.01082770163)
(0 0.002885991482 0.007093272578)
(0 0.008465424656 0.01544807009)
(0 0.01246369341 0.004609941077)
(0 0.02779667194 0.01614267792)
(0 0.01321534772 0.01540252262)
(0 0.03741843854 0.01535512837)
(0 0.03665952506 0.004510687642)
(0 0.032505176 0.01605617225)
(0 0.03162325651 0.004134838091)
(0 0.01741002993 0.004016370641)
(0 0.01828250935 0.01552602373)
(0 0.02260140559 0.004916947036)
(0 0.0230519552 0.01582314045)
(0 0.006953747922 0.01142956266)
(0 0.02726417724 0.003501314448)
(0 0.04295374666 0.008547425387)
(0 0.03848758651 0.009702549374)
(0 0.01130870088 0.01023318206)
(0 0.01643534492 0.01136786978)
(0 0.03313817058 0.008379090487)
(0 0.02186518922 0.01078831927)
(0 0.02744193834 0.0080237327)
(0 0.01514506262 0.007619965341)
(0 0.01886707815 0.007750389214)
(0 0.03020291554 0.01214482069)
(0 0.02600578609 0.01248015848)
(0.095 0 0)
(0.09 0 0)
(0.085 0 0)
(0.08 0 0)
(0.075 0 0)
(0.07 0 0)
(0.065 0 0)
(0.06 0 0)
(0.055 0 0)
(0.05 0 0)
(0.045 0 0)
(0.04 0 0)
(0.035 0 0)
(0.03 0 0)
(0.025 0 0)
(0.02 0 0)
(0.015 0 0)
(0.01 0 0)
(0.005 0 0)
(0.005 0 0.02)
(0.01 0 0.02)
(0.015 0 0.02)
(0.02 0 0.02)
(0.025 0 0.02)
(0.03 0 0.02)
(0.035 0 0.02)
(0.04 0 0.02)
(0.045 0 0.02)
(0.05 0 0.02)
(0.055 0 0.02)
(0.06 0 0.02)
(0.065 0 0.02)
(0.07 0 0.02)
(0.075 0 0.02)
(0.08 0 0.02)
(0.085 0 0.02)
(0.09 0 0.02)
(0.095 0 0.02)
(0.003750688061 0 0.01565775706)
(0.09644272182 0 0.0108538913)
(0.015066873 0 0.007571259123)
(0.003251645238 0 0.003523759211)
(0.09609225357 0 0.01559511933)
(0.09687643935 0 0.00347833966)
(0.09711014374 0 0.007111417615)
(0.003404091456 0 0.007704528897)
(0.002722266643 0 0.0118861298)
(0.007522370931 0 0.005257917304)
(0.008253145786 0 0.01530358296)
(0.09285902654 0 0.005922790003)
(0.04750020395 0 0.01646180889)
(0.09163082404 0 0.01553753902)
(0.08739872681 0 0.004788336313)
(0.08710678841 0 0.01567979592)
(0.01250437419 0 0.00447332246)
(0.01298620812 0 0.01540058304)
(0.01726891937 0 0.003891715793)
(0.01789226376 0 0.01575708076)
(0.08256007451 0 0.003908016889)
(0.08228377936 0 0.01582909079)
(0.02280851123 0 0.01566928201)
(0.02197988282 0 0.004081596595)
(0.07787902581 0 0.003862004951)
(0.0774162971 0 0.01552848552)
(0.07303504078 0 0.005340496398)
(0.07242082153 0 0.01528836292)
(0.02702102933 0 0.005421117884)
(0.02773567345 0 0.01534416065)
(0.03255986722 0 0.005136235343)
(0.032763853 0 0.01509682182)
(0.06756834536 0 0.005110602845)
(0.06740506769 0 0.01508368445)
(0.03784813191 0 0.005026686018)
(0.03797630703 0 0.01503210909)
(0.06227657352 0 0.01501202807)
(0.06233630462 0 0.005045966927)
(0.04312109064 0 0.01541883384)
(0.04273950883 0 0.0044707425)
(0.05703235948 0 0.01500694077)
(0.05712214484 0 0.005000105366)
(0.05187999019 0 0.01541223029)
(0.05224939361 0 0.004462993507)
(0.006311988072 0 0.01090312518)
(0.04749612442 0 0.003946282012)
(0.09308578522 0 0.01150291358)
(0.01111731824 0 0.01006585222)
(0.08876331273 0 0.0104465887)
(0.0844907625 0 0.01228002539)
(0.01603041468 0 0.01148099538)
(0.0206522163 0 0.01171786001)
(0.08005314604 0 0.01122357843)
(0.02535056633 0 0.01104371455)
(0.07492032391 0 0.01089782273)
(0.07001433856 0 0.01023833427)
(0.03018825409 0 0.01028369781)
(0.03551184426 0 0.01008400498)
(0.06483180576 0 0.01007170498)
(0.04138017404 0 0.010017173)
(0.05947843147 0 0.01002119766)
(0.05361206062 0 0.01000085465)
(0.04749805205 0 0.01185382174)
(0.01899200247 0 0.007784202333)
(0.084088167 0 0.008280952672)
(0.0803934207 0 0.007034129742)
(0.02292577356 0 0.00796605848)
(0.07710477293 0 0.007706870797)
(0.04555949099 0 0.007713965725)
(0.04943209922 0 0.007709871552)
(0.003429703838 0.003491029608 0)
(0.09655402128 0.02782250681 0)
(0.0201083384 0.02450896246 0)
(0.03596303059 0.02505882771 0)
(0.003430480986 0.04650302845 0)
(0.09656986159 0.003477611029 0)
(0.09660919841 0.04650807732 0)
(0.0960737033 0.04220716196 0)
(0.00401159023 0.04221005844 0)
(0.09598594045 0.007752140103 0)
(0.007926777327 0.04515963192 0)
(0.004019457736 0.007784259663 0)
(0.00792314875 0.004811612405 0)
(0.09217344614 0.04517452612 0)
(0.09206892893 0.0047790086 0)
(0.08710534128 0.04575700242 0)
(0.08696281274 0.00421994381 0)
(0.01301830546 0.04570316427 0)
(0.09583160834 0.01266931778 0)
(0.00418398521 0.01270905542 0)
(0.01300310096 0.004228315641 0)
(0.09600490132 0.0372653036 0)
(0.004143450211 0.03730912074 0)
(0.09603527509 0.03227610007 0)
(0.004141269648 0.03240304487 0)
(0.01791737939 0.04563674203 0)
(0.09562720435 0.01777510077 0)
(0.004241616046 0.01767057525 0)
(0.01789502135 0.004269730847 0)
(0.08222424914 0.04573398792 0)
(0.08204588267 0.004277488164 0)
(0.02288843609 0.04559907713 0)
(0.09511584574 0.02336662917 0)
(0.004168432547 0.0225998453 0)
(0.02285809415 0.004317434436 0)
(0.07725769906 0.04571667867 0)
(0.004103585384 0.02749822503 0)
(0.04754635893 0.04670200897 0)
(0.07706323055 0.004320076471 0)
(0.07223495307 0.04566824181 0)
(0.07203979455 0.004343963259 0)
(0.02792426064 0.04560297262 0)
(0.02787676308 0.004349468014 0)
(0.03302403974 0.04564543522 0)
(0.03295257849 0.004333005705 0)
(0.06717978149 0.04560102614 0)
(0.0669889538 0.004344508659 0)
(0.03817415896 0.04572857265 0)
(0.03808044157 0.00424537186 0)
(0.06208795087 0.04557531173 0)
(0.06190359228 0.00431026363 0)
(0.04327826005 0.04592992125 0)
(0.04316834092 0.004017139316 0)
(0.05694793764 0.04564864525 0)
(0.05677968616 0.004222386751 0)
(0.05184174584 0.04589182835 0)
(0.0517023672 0.004006762686 0)
(0.09202477824 0.03964718902 0)
(0.04745004064 0.003234389266 0)
(0.08865263977 0.04178719707 0)
(0.08445456012 0.04143837261 0)
(0.07958056216 0.04146074615 0)
(0.07456767212 0.04142457356 0)
(0.06949218243 0.04127554682 0)
(0.06435286587 0.04113527122 0)
(0.05909401138 0.04116661139 0)
(0.05361114345 0.04145203681 0)
(0.09197961596 0.03451519992 0)
(0.09211013762 0.02883159173 0)
(0.09178514996 0.01020333473 0)
(0.08840589944 0.008118998944 0)
(0.08412713182 0.008527504393 0)
(0.07919930541 0.008612554684 0)
(0.07415672246 0.008671160247 0)
(0.06907619903 0.008700962784 0)
(0.06394661911 0.008668100207 0)
(0.05872368082 0.008551789504 0)
(0.0533075138 0.008302937305 0)
(0.0915581116 0.01508687353 0)
(0.0911642789 0.02002876767 0)
(0.008207950213 0.03965773255 0)
(0.01157349482 0.0417282185 0)
(0.01581675475 0.0412993239 0)
(0.02070495477 0.04120018978 0)
(0.02572722803 0.04117279742 0)
(0.0308758524 0.04124727585 0)
(0.03615136883 0.04137229871 0)
(0.04162296686 0.04159109603 0)
(0.04760599091 0.04218201995 0)
(0.008436431044 0.03466605168 0)
(0.00818449676 0.02985318313 0)
(0.008227428663 0.01030478188 0)
(0.01156718851 0.008171872162 0)
(0.01578792621 0.008520328959 0)
(0.02065452118 0.008590088395 0)
(0.02564541227 0.00869223219 0)
(0.03074940651 0.008709810477 0)
(0.03598705902 0.008606269566 0)
(0.04142994493 0.008339533773 0)
(0.04738199517 0.007672148029 0)
(0.008543757544 0.0153607892 0)
(0.008480423645 0.02039195868 0)
(0.09023227001 0.02442293812 0)
(0.008236700817 0.02514687773 0)
(0.08736831282 0.03703047358 0)
(0.01303429952 0.03693860577 0)
(0.08694649398 0.01277629027 0)
(0.01305566149 0.01288246846 0)
(0.08786572937 0.01739593764 0)
(0.01277643989 0.01832335777 0)
(0.08845495605 0.03210933263 0)
(0.01256128455 0.0316013968 0)
(0.08204136812 0.03716612109 0)
(0.07699475495 0.03727819484 0)
(0.07194517419 0.03710692497 0)
(0.06683221913 0.03673839552 0)
(0.06157412808 0.03656359412 0)
(0.05611420145 0.0367937746 0)
(0.08153254207 0.01287457519 0)
(0.07637934612 0.01295517276 0)
(0.07125708655 0.01306007303 0)
(0.06612380919 0.01307450032 0)
(0.06091951247 0.01296792114 0)
(0.05560110647 0.01275230437 0)
(0.01835915839 0.03686300655 0)
(0.02337857307 0.03666983553 0)
(0.02853936445 0.03678529277 0)
(0.03383890789 0.03696675152 0)
(0.03924385462 0.03713717677 0)
(0.04481662813 0.03737026588 0)
(0.01831219839 0.01274662313 0)
(0.02327072324 0.01300764274 0)
(0.02835264821 0.01312809909 0)
(0.03360034711 0.01306000317 0)
(0.03899659024 0.01282755837 0)
(0.04453464639 0.01247801287 0)
(0.01642641683 0.01653225054 0)
(0.0836806807 0.01719504885 0)
(0.0163604346 0.03292104824 0)
(0.08420831544 0.03267939317 0)
(0.08618389014 0.02188695921 0)
(0.08654118345 0.02767632729 0)
(0.05010603534 0.01244595138 0)
(0.05047531895 0.03725667174 0)
(0.07865893408 0.01714621084 0)
(0.02071550635 0.01720762832 0)
(0.07932295407 0.03312202336 0)
(0.02082399461 0.03204263615 0)
(0.01190679171 0.02749670031 0)
(0.01278561295 0.02336386696 0)
(0.02576419116 0.01759607498 0)
(0.03098350731 0.01759358906 0)
(0.03646865343 0.01736595028 0)
(0.04186464694 0.01708832914 0)
(0.07352719593 0.01735274384 0)
(0.06836507668 0.01754724811 0)
(0.0632162079 0.01744962145 0)
(0.05796848423 0.01726541279 0)
(0.0260661749 0.03214244816 0)
(0.03137797353 0.03258260479 0)
(0.0367628511 0.03268965239 0)
(0.04212785866 0.03281396893 0)
(0.07447625579 0.03323408918 0)
(0.06953881906 0.03259713588 0)
(0.06438732587 0.0318654697 0)
(0.05878548511 0.03193528667 0)
(0.01742800101 0.02137173517 0)
(0.01699799991 0.02754742731 0)
(0.08098649842 0.02123098853 0)
(0.0814117341 0.02888802565 0)
(0.07596031269 0.02140587279 0)
(0.07666934127 0.02928638299 0)
(0.07073878201 0.02195790217 0)
(0.06543123198 0.02221582664 0)
(0.06038597028 0.02161243717 0)
(0.07235401938 0.02955150849 0)
(0.06806208976 0.02719140788 0)
(0.06173481964 0.02682315868 0)
(0.04729623231 0.01677106724 0)
(0.05268998556 0.01698925352 0)
(0.05317806633 0.03251180625 0)
(0.04762539738 0.03295623064 0)
(0.02349157692 0.02702016177 0)
(0.02903483405 0.028043638 0)
(0.03416420142 0.02871561996 0)
(0.03950790495 0.02793906586 0)
(0.02275397638 0.02169492922 0)
(0.02813743268 0.02264339 0)
(0.03379473573 0.02150222565 0)
(0.03934994591 0.02204475818 0)
(0.05561920546 0.02744599299 0)
(0.08282978844 0.02497783842 0)
(0.07850512914 0.02523006305 0)
(0.07360146915 0.02570188714 0)
(0.05516611182 0.02180916867 0)
(0.04475895475 0.02100840125 0)
(0.04987214939 0.02093295793 0)
(0.05014536873 0.02865651137 0)
(0.04494594438 0.02879318145 0)
(0.03205996617 0.02515329118 0)
(0.05822046062 0.02449918399 0)
(0.04307177715 0.02492818151 0)
(0.04742033444 0.02485084105 0)
(0.05175464683 0.02475425675 0)
(0.003431517489 0.003492121344 0.02)
(0.09584409629 0.02747766228 0.02)
(0.02012640579 0.02453878628 0.02)
(0.06465482274 0.02492454861 0.02)
(0.003429990311 0.04650374146 0.02)
(0.09657635618 0.003479898286 0.02)
(0.09656423531 0.04650140107 0.02)
(0.09597509639 0.04220583921 0.02)
(0.004010910272 0.0422115006 0.02)
(0.09598713772 0.007762741044 0.02)
(0.007925310742 0.04516179231 0.02)
(0.007928209662 0.004814389206 0.02)
(0.004022339089 0.00778636144 0.02)
(0.09206267227 0.04515981222 0.02)
(0.09209263118 0.0047794833 0.02)
(0.08697676307 0.04571514665 0.02)
(0.08702833905 0.004174670357 0.02)
(0.09581253647 0.01268200107 0.02)
(0.01301507789 0.04570721141 0.02)
(0.004188169246 0.01271166452 0.02)
(0.01301137252 0.00423323224 0.02)
(0.09582896488 0.03729945966 0.02)
(0.004143086641 0.03731111717 0.02)
(0.09581615285 0.03238726385 0.02)
(0.004141817521 0.03240538297 0.02)
(0.09573362153 0.01764367454 0.02)
(0.01791106408 0.04564400811 0.02)
(0.004245735801 0.01767341263 0.02)
(0.0179086314 0.004278170884 0.02)
(0.08208623528 0.04566229806 0.02)
(0.08215555943 0.004198579876 0.02)
(0.09578693097 0.0225758059 0.02)
(0.02287682931 0.0456118242 0.02)
(0.004171608123 0.02260263546 0.02)
(0.02287990681 0.004331793618 0.02)
(0.07712790997 0.04562781911 0.02)
(0.004105414992 0.02750086252 0.02)
(0.04748400303 0.04677759551 0.02)
(0.07721532362 0.004250702118 0.02)
(0.07211476947 0.04561409911 0.02)
(0.07222566218 0.004319456286 0.02)
(0.02790421115 0.04562460798 0.02)
(0.02791073257 0.004373136193 0.02)
(0.03299144734 0.04568071188 0.02)
(0.03300359147 0.004370461932 0.02)
(0.06705676509 0.045622835 0.02)
(0.06718411055 0.004369648482 0.02)
(0.03812492877 0.04578281863 0.02)
(0.03815284736 0.004301232471 0.02)
(0.06196160303 0.04566270498 0.02)
(0.06208483361 0.004377995267 0.02)
(0.04321170964 0.04600530503 0.02)
(0.04326138156 0.004092186648 0.02)
(0.05683134939 0.04576205282 0.02)
(0.05693564212 0.00431618691 0.02)
(0.05174827194 0.04599547371 0.02)
(0.05182744032 0.004101226901 0.02)
(0.09175998534 0.0396531085 0.02)
(0.04753510115 0.003307459624 0.02)
(0.07843077052 0.02402135652 0.02)
(0.08840541738 0.04173701872 0.02)
(0.08417413679 0.0413363454 0.02)
(0.0793092882 0.04126711361 0.02)
(0.07431946975 0.04122737868 0.02)
(0.06923003336 0.04123543376 0.02)
(0.06406922822 0.04127467025 0.02)
(0.05882668326 0.04139887654 0.02)
(0.0533972988 0.04168441752 0.02)
(0.09149626872 0.03464670324 0.02)
(0.09171591434 0.02981907576 0.02)
(0.09178786209 0.01024575163 0.02)
(0.08846875597 0.008090728347 0.02)
(0.08428369942 0.008392611165 0.02)
(0.07946705361 0.008434422111 0.02)
(0.07453716928 0.008578773041 0.02)
(0.06951012227 0.008706525078 0.02)
(0.06436084321 0.008764432708 0.02)
(0.05907767696 0.008724212125 0.02)
(0.05359330027 0.008507794182 0.02)
(0.09143793569 0.01529232947 0.02)
(0.09144540472 0.02033065097 0.02)
(0.008206212602 0.03966187195 0.02)
(0.01157011688 0.04173399503 0.02)
(0.01581015288 0.04130942038 0.02)
(0.02069209988 0.04121821721 0.02)
(0.02570360888 0.04120392655 0.02)
(0.03083481931 0.04129953267 0.02)
(0.03608399972 0.04145662881 0.02)
(0.04151927154 0.04171947952 0.02)
(0.0474607019 0.04235702076 0.02)
(0.008436142471 0.03467148338 0.02)
(0.008186801249 0.0298591947 0.02)
(0.008235941389 0.01030993928 0.02)
(0.01157861901 0.008178777782 0.02)
(0.01580648614 0.008531931593 0.02)
(0.02068451134 0.008610283243 0.02)
(0.02569284355 0.008726215276 0.02)
(0.03082277302 0.008765417248 0.02)
(0.03609702476 0.008693878556 0.02)
(0.04158655013 0.008469345074 0.02)
(0.0475860837 0.007841641237 0.02)
(0.008553205404 0.01536723767 0.02)
(0.008488362115 0.02039887616 0.02)
(0.0916575657 0.02509887854 0.02)
(0.00824194325 0.02515354939 0.02)
(0.08691549073 0.03694824775 0.02)
(0.01303120638 0.03694836909 0.02)
(0.08698022407 0.01275042765 0.02)
(0.01307219748 0.01289358385 0.02)
(0.08715925843 0.01819079891 0.02)
(0.01279121985 0.01833597816 0.02)
(0.08730070098 0.03156742319 0.02)
(0.01256298714 0.03161267421 0.02)
(0.08162823053 0.03695455183 0.02)
(0.07665184966 0.03680950514 0.02)
(0.07154776259 0.03685017366 0.02)
(0.06633777252 0.0368707812 0.02)
(0.06107523964 0.03692883615 0.02)
(0.0557310544 0.03718498786 0.02)
(0.08181308486 0.01250090562 0.02)
(0.0769520357 0.01274841729 0.02)
(0.07199854345 0.01301449366 0.02)
(0.06687621689 0.01314609813 0.02)
(0.06154472211 0.01317017143 0.02)
(0.05610330384 0.01308016739 0.02)
(0.01835151609 0.03688161169 0.02)
(0.02336289348 0.03670234647 0.02)
(0.02850861491 0.03684087607 0.02)
(0.03378266054 0.03705912755 0.02)
(0.03914542371 0.03728528772 0.02)
(0.04465062313 0.03759777449 0.02)
(0.01834066167 0.01276717208 0.02)
(0.02331615907 0.01304269939 0.02)
(0.02842434882 0.01318676585 0.02)
(0.03371255749 0.01315593682 0.02)
(0.03916957868 0.01297958353 0.02)
(0.04479522324 0.01270734825 0.02)
(0.01644942804 0.01655092965 0.02)
(0.08360644313 0.01629327497 0.02)
(0.01635964004 0.03293844709 0.02)
(0.08354427344 0.03294876769 0.02)
(0.05048364165 0.0127613486 0.02)
(0.0502114471 0.03758359114 0.02)
(0.0794737567 0.01672399241 0.02)
(0.02075028617 0.01723834832 0.02)
(0.07915434514 0.03227466863 0.02)
(0.02082159017 0.03207190739 0.02)
(0.08792095833 0.02743979209 0.02)
(0.08705087969 0.02326558899 0.02)
(0.01191247828 0.02750806889 0.02)
(0.01279616313 0.02337711388 0.02)
(0.02581827504 0.01764854436 0.02)
(0.03107037323 0.01768108647 0.02)
(0.03660788654 0.01751004393 0.02)
(0.04209364803 0.01731811024 0.02)
(0.07463360635 0.01725284482 0.02)
(0.06967685332 0.01760538198 0.02)
(0.06425051727 0.0175009949 0.02)
(0.05877550698 0.01771346842 0.02)
(0.02605648374 0.03219354155 0.02)
(0.03135188163 0.03266873752 0.02)
(0.03670926574 0.03283052993 0.02)
(0.0420165927 0.03303882868 0.02)
(0.07399235566 0.03240714471 0.02)
(0.06878937584 0.03256997664 0.02)
(0.0634370137 0.03242787295 0.02)
(0.05813985493 0.03250533463 0.02)
(0.08238659242 0.02109645562 0.02)
(0.08271538727 0.02748675149 0.02)
(0.01744841101 0.02139448365 0.02)
(0.01700640734 0.02756910231 0.02)
(0.05328624608 0.017523505 0.02)
(0.0476751691 0.01713322182 0.02)
(0.05277394413 0.03304799074 0.02)
(0.0474031311 0.03331248689 0.02)
(0.0764617779 0.02780014444 0.02)
(0.07127959921 0.02817828468 0.02)
(0.06612898212 0.02855996217 0.02)
(0.06058247749 0.02736853325 0.02)
(0.02350579067 0.02706367125 0.02)
(0.02904406868 0.02811871808 0.02)
(0.03416309762 0.02883678884 0.02)
(0.03950433068 0.02813326846 0.02)
(0.07751003773 0.02040528214 0.02)
(0.07294455019 0.02272679538 0.02)
(0.06709340278 0.021515312 0.02)
(0.0617318342 0.02195649389 0.02)
(0.02278641102 0.0217364154 0.02)
(0.02818408532 0.02271459908 0.02)
(0.03387925 0.02162371834 0.02)
(0.03947450125 0.02224085854 0.02)
(0.05506681375 0.02835880793 0.02)
(0.06861887375 0.02512950072 0.02)
(0.05607903237 0.02279624083 0.02)
(0.04992951669 0.02916746951 0.02)
(0.04487090159 0.02910852949 0.02)
(0.05033156182 0.02146355978 0.02)
(0.04500656673 0.02133009127 0.02)
(0.03209758279 0.02525682217 0.02)
(0.03601018466 0.02520252706 0.02)
(0.05190541545 0.02536058137 0.02)
(0.04315274114 0.0252029234 0.02)
(0.04753042591 0.02525646688 0.02)
(0.09663803875 0.01739588752 0.006478929426)
(0.09643527865 0.004218644928 0.01016407553)
(0.09630972147 0.04550336301 0.005506195128)
(0.09654840082 0.02892149985 0.01548789721)
(0.09576615691 0.04503163323 0.01263509225)
(0.09605850279 0.004786532838 0.00550062675)
(0.09617418796 0.0144847855 0.009670977481)
(0.09576617181 0.03421747684 0.005565187428)
(0.09527596086 0.01946446858 0.01005645562)
(0.0950685665 0.040764492 0.01244506519)
(0.09533427656 0.03479981795 0.0100387698)
(0.09605603665 0.02622859552 0.005571189802)
(0.09507673234 0.008734558709 0.01208400447)
(0.09545274824 0.02448083088 0.01339435205)
(0.02157128416 0.04669670388 0.006203124765)
(0.0176711753 0.04621935636 0.006408912595)
(0.04748976603 0.04654027149 0.006456070114)
(0.082907103 0.04652829468 0.006414481439)
(0.07917618007 0.04641967267 0.009155015461)
(0.004386828747 0.04615875333 0.005504431203)
(0.004795805085 0.04585289583 0.01265069283)
(0.01538634952 0.04605425522 0.01459556166)
(0.0226861462 0.04577492922 0.009943353012)
(0.08594170213 0.04583283141 0.009705689736)
(0.01423376706 0.0461981222 0.01033603866)
(0.07606506348 0.04576743394 0.005819672253)
(0.008845823817 0.0452273041 0.01249571796)
(0.08183084428 0.04601318017 0.0129858125)
(0.05175830796 0.04534371942 0.007391493768)
(0.04321750998 0.04533782229 0.007398388814)
(0.04895333573 0.04623722658 0.01457544323)
(0.07475461811 0.04570168257 0.0140208574)
(0.02763508633 0.04541015998 0.01214028336)
(0.06737183034 0.04539927468 0.01182440482)
(0.05963587388 0.04547181353 0.006692596711)
(0.03538939729 0.04547673836 0.01339059696)
(0.09168788791 0.04510068148 0.008742071688)
(0.05958310515 0.0453276895 0.01335104462)
(0.03528934345 0.04529858753 0.006736282725)
(0.07017877698 0.04536078498 0.006943224929)
(0.003475243458 0.01714072377 0.006462241523)
(0.003816650948 0.004375257995 0.005474315025)
(0.004180237651 0.004818657879 0.01260797027)
(0.003809887683 0.02800179087 0.01358921919)
(0.003477744758 0.03260033205 0.01093681809)
(0.004052293021 0.03479450941 0.0145659484)
(0.00428719027 0.01429636963 0.009740339592)
(0.004458630457 0.01905587129 0.009968859144)
(0.004223571625 0.02364097722 0.01303053927)
(0.004849691875 0.008909291588 0.01237027161)
(0.003695390187 0.02877645753 0.005219961517)
(0.004871476442 0.04096622393 0.007592608221)
(0.004123530816 0.03380698338 0.005674872082)
(0.07845906913 0.003305000719 0.006201001816)
(0.08234722167 0.003782206681 0.006407699548)
(0.04749590531 0.003458900377 0.006456706207)
(0.01710926555 0.003475674661 0.006415725686)
(0.02085666359 0.003581906203 0.009156039916)
(0.08462710679 0.003939854912 0.01459630392)
(0.07735941559 0.0041993591 0.009942756966)
(0.08578074723 0.003796153935 0.01033585519)
(0.01407153532 0.003814182244 0.009706035256)
(0.09360295534 0.003643045668 0.01421185676)
(0.0239755623 0.004258910194 0.005822924431)
(0.01819163188 0.003994382452 0.01298531145)
(0.05176451802 0.004656519741 0.007391239982)
(0.04322639108 0.003896276932 0.007400627248)
(0.04603978246 0.004609199706 0.01457815431)
(0.02529825084 0.004309518728 0.0140190525)
(0.07245182991 0.004567563999 0.01214150712)
(0.09156937897 0.004982613958 0.009290764108)
(0.06483781338 0.004541366827 0.01338913944)
(0.03541733325 0.004667603411 0.01340431161)
(0.05964562669 0.004684751853 0.006689089816)
(0.008317225613 0.004901693203 0.008742298931)
(0.06747149676 0.004638713319 0.008473547175)
(0.03530661389 0.004548605997 0.006748975255)
(0.0541748032 0.004639184568 0.01347334217)
(0.03393924609 0.02390478179 0.003401072696)
(0.05792418122 0.02264026366 0.004265022464)
(0.02009677142 0.02252520807 0.00435663946)
(0.07420827448 0.0281799268 0.003852311056)
(0.0585248284 0.02625611238 0.003440113272)
(0.08091554791 0.02636530995 0.003814800177)
(0.04968237504 0.02351268567 0.003539829515)
(0.01088419091 0.0296504274 0.003848161781)
(0.07212302834 0.03179424256 0.004064810462)
(0.03175299987 0.02730418369 0.004223897587)
(0.04508368671 0.02359580807 0.00381639367)
(0.01097636856 0.0253358148 0.003989296034)
(0.09019604325 0.01750385948 0.004047833383)
(0.01848470792 0.01549550053 0.004137346521)
(0.02019930445 0.0263588503 0.00531943189)
(0.03654251248 0.02723736502 0.004413622431)
(0.08333339542 0.02269859612 0.004277317785)
(0.08904584497 0.01036620792 0.003984990064)
(0.08934857696 0.03948828578 0.004361186642)
(0.07682285458 0.03188083321 0.003958371468)
(0.01095009316 0.01045304071 0.0044688778)
(0.08914587647 0.005705983844 0.004194039386)
(0.01093858108 0.03944151849 0.004088548943)
(0.08616430312 0.01578909159 0.004486347549)
(0.01083114557 0.005737266969 0.004175016657)
(0.08931047469 0.04423957691 0.00416533323)
(0.01851452887 0.03394223005 0.004420510959)
(0.01408617292 0.01591269299 0.004448314197)
(0.0425141491 0.0272196848 0.004491834901)
(0.05250640586 0.02695225366 0.004577353597)
(0.01083952561 0.04419700429 0.004180836491)
(0.08164767176 0.0315631479 0.004005218856)
(0.09470112622 0.03970655054 0.004035401624)
(0.006961852312 0.02271289378 0.003955421504)
(0.07447206229 0.03587307036 0.004125334788)
(0.04750388116 0.02743351087 0.004246779252)
(0.09453423321 0.01020826399 0.004016835708)
(0.08667719364 0.0339397341 0.00411488628)
(0.005476957187 0.01026603207 0.004023321904)
(0.09084823728 0.03181870654 0.00464186864)
(0.01825154945 0.009952346794 0.004019412212)
(0.07945302874 0.03585544601 0.004121558741)
(0.07704766095 0.04005450383 0.00409310963)
(0.08202549815 0.04002174735 0.004006294999)
(0.07936033899 0.01986640156 0.004546399461)
(0.0341016762 0.0313292928 0.004397602752)
(0.07343352586 0.02302188799 0.004287121817)
(0.08161965758 0.01000487804 0.004024148453)
(0.01829362288 0.03978750855 0.004026075825)
(0.08129072189 0.01573861204 0.004203532822)
(0.07657846063 0.01007962879 0.004117529839)
(0.02319021896 0.0100966543 0.004191999789)
(0.04995279014 0.01823109202 0.004407580942)
(0.07175756991 0.007238695398 0.004302432295)
(0.03374896571 0.01882058755 0.004482459277)
(0.04463994503 0.01828926615 0.004442429636)
(0.06942319125 0.03837362304 0.004294269718)
(0.07372120768 0.01445599645 0.00418318389)
(0.06881903112 0.01161184534 0.004308474716)
(0.04489973187 0.03152112663 0.004490223248)
(0.02824915573 0.01017671358 0.004243115429)
(0.02817578055 0.04267434776 0.004296045285)
(0.02327025123 0.03968094289 0.004146713763)
(0.0636633113 0.01157017425 0.004293548409)
(0.06301113963 0.02042596228 0.004148794338)
(0.05031627789 0.03137484938 0.004548233002)
(0.03125208244 0.03544488177 0.004329595249)
(0.0584147647 0.01142400503 0.004346028436)
(0.02579585463 0.01457727235 0.004263887182)
(0.03344560415 0.01012536138 0.004277362022)
(0.05541985854 0.01566899009 0.004197329283)
(0.06691945344 0.03373366594 0.004451434594)
(0.03641137853 0.0384920761 0.004415312782)
(0.03937818855 0.03421359882 0.004381685518)
(0.06425306946 0.03814575449 0.004368187394)
(0.02599470504 0.03519919142 0.004295165651)
(0.0388045311 0.009924453683 0.004449429456)
(0.03910996392 0.01576061361 0.004241655115)
(0.04731230438 0.01389834378 0.004211222753)
(0.0589274466 0.03817465901 0.004320567939)
(0.04763911292 0.0358610563 0.004621231928)
(0.02555186674 0.02064479701 0.004553947132)
(0.05340022221 0.03850082681 0.004619615618)
(0.05602591857 0.03374695778 0.004602576606)
(0.02619752847 0.0290687494 0.004602550995)
(0.06158231571 0.03345478326 0.004471127409)
(0.05026518181 0.009473678656 0.004865504336)
(0.04444885999 0.009496564977 0.004890282173)
(0.06807737052 0.0237883795 0.004595492967)
(0.044681862 0.04038112611 0.004908888601)
(0.06678903103 0.0238564536 0.01657756604)
(0.03399567306 0.02402768843 0.01659914106)
(0.02012040839 0.02255656198 0.01563260891)
(0.08163109422 0.01517272368 0.01605818048)
(0.06867581606 0.027289249 0.01578300819)
(0.07720579952 0.01812737249 0.01602451317)
(0.0108874226 0.02965997904 0.0161506962)
(0.03176825121 0.02740410902 0.0157794077)
(0.04978845268 0.02659483813 0.01625374891)
(0.07944246382 0.02184103057 0.01597851515)
(0.0451846905 0.02652264014 0.01617800444)
(0.08897919208 0.02960876375 0.01612264291)
(0.01346549299 0.00698131416 0.01581339538)
(0.01098352857 0.02534624375 0.01600862108)
(0.08651877195 0.04292950407 0.01575510949)
(0.01851345785 0.01551881712 0.0158528965)
(0.08887646347 0.02526808716 0.01595174708)
(0.0365592055 0.02739086188 0.01560123451)
(0.02021286823 0.02639052086 0.01467725262)
(0.06378875673 0.026951015 0.01536799222)
(0.08907856316 0.01036272765 0.01557405984)
(0.0814422816 0.0340593271 0.01567785069)
(0.01096225251 0.01046076696 0.0159618333)
(0.08919657767 0.005681626964 0.01583563723)
(0.08591531217 0.01574483328 0.01555554941)
(0.01093584485 0.03944807872 0.01548014209)
(0.01851091534 0.03396398947 0.0155852884)
(0.01410428155 0.01592683047 0.01555038523)
(0.08218475105 0.01042851559 0.0161576946)
(0.04254460335 0.02292462438 0.01542228367)
(0.005453403108 0.03972816467 0.01599740051)
(0.05277200416 0.02320679463 0.01518270653)
(0.09300944209 0.0322843492 0.01601950824)
(0.01827722043 0.009969796054 0.01601659693)
(0.04762285203 0.02268337272 0.01565079205)
(0.0769854188 0.009920537472 0.01592275687)
(0.0340747498 0.0314453505 0.01562372222)
(0.09302840382 0.03719975799 0.01585195772)
(0.06611845642 0.03118593805 0.01562827267)
(0.08170388639 0.03985267132 0.01600202545)
(0.01828458905 0.03980308399 0.01583154499)
(0.04095197097 0.04450253397 0.01567701623)
(0.06700692326 0.01887389645 0.01556859165)
(0.09432803094 0.0152060017 0.01594829746)
(0.005662370007 0.01525077131 0.01582822017)
(0.05399230495 0.04448064789 0.01584531181)
(0.05003553256 0.03184264898 0.01560943294)
(0.02323117107 0.01012639888 0.01590961777)
(0.07210300118 0.01595757343 0.01579948328)
(0.04476354271 0.03181994706 0.01559623703)
(0.07201527804 0.01009993069 0.01582705043)
(0.0410002619 0.005620921496 0.01582540758)
(0.02309084684 0.04267799109 0.01572446898)
(0.07676020265 0.0397679992 0.01592097804)
(0.0716990903 0.03977099433 0.01584449038)
(0.0338525027 0.01893828251 0.01547648199)
(0.06889163703 0.03543031216 0.01574602723)
(0.07406398654 0.03535560891 0.01583239809)
(0.03121438623 0.0355229117 0.01569007337)
(0.028349014 0.03978144378 0.01576488651)
(0.06691572815 0.01020568516 0.01578516327)
(0.03356716037 0.03993843123 0.01571214385)
(0.02831332199 0.01022613235 0.01581130736)
(0.04492512718 0.01859380864 0.01544020791)
(0.07391124219 0.02946185879 0.01575751975)
(0.07920264453 0.02643608488 0.01488754246)
(0.06382741034 0.03835809603 0.01569107734)
(0.03929042816 0.03438488021 0.01581462845)
(0.06422381848 0.01460575499 0.01564680785)
(0.02585292794 0.01462600287 0.01578106731)
(0.05854432657 0.03850423172 0.01563148014)
(0.03354411945 0.01020507794 0.01569319516)
(0.06166107953 0.01021960564 0.01568618789)
(0.02597599663 0.03524558619 0.01571166329)
(0.04742173478 0.03616461903 0.01545958873)
(0.0555482842 0.03424610197 0.01559640653)
(0.0364966765 0.01454852149 0.01554203406)
(0.05625809357 0.01010405738 0.01551854052)
(0.04185045138 0.01138542592 0.01540130656)
(0.05605502054 0.01610571332 0.01563283801)
(0.04765134305 0.01420063898 0.01535521634)
(0.0255962573 0.02069985308 0.01543476991)
(0.0262021143 0.02912531048 0.01532227919)
(0.05792971328 0.02941089124 0.01535578165)
(0.05886212364 0.02082206868 0.01533385739)
(0.09486407787 0.02921966277 0.0101543488)
(0.09541033208 0.02158998884 0.004463013262)
(0.09618878365 0.0236647781 0.009138722904)
(0.07974044979 0.04587535933 0.003539673286)
(0.0824104175 0.04454666004 0.00957178697)
(0.07025755942 0.04571162909 0.0156084802)
(0.0554667376 0.04560733214 0.004482210148)
(0.03106086701 0.04547794908 0.01556297764)
(0.05595551059 0.04564425722 0.009998154827)
(0.06407486647 0.04397755489 0.01557059865)
(0.06297832727 0.04562295228 0.01005335059)
(0.03193924576 0.04559988901 0.01010888256)
(0.03948549926 0.04331552237 0.004407131113)
(0.03900679573 0.04563815892 0.01000159048)
(0.07372674346 0.04584624246 0.009652222507)
(0.004200607073 0.03802642226 0.004360978957)
(0.06910885125 0.004466555081 0.01559536532)
(0.0303456597 0.004116313998 0.01329515595)
(0.05548153073 0.004383474123 0.004519540351)
(0.064279221 0.005854351446 0.004451595713)
(0.0390368551 0.004376144148 0.01001965534)
(0.03949263692 0.004419635981 0.004523903597)
(0.0295514036 0.004875511397 0.007235737983)
(0.0497918129 0.004162791651 0.0116902627)
(0.05950171128 0.004352223128 0.01312552858)
(0.05590609834 0.00392469205 0.009266544133)
(0.05522642285 0.02464094199 0.00251445896)
(0.008246200159 0.0289808996 0.009397890419)
(0.01575900987 0.02458246797 0.003638436552)
(0.009343577549 0.03452421352 0.005209319759)
(0.0144736385 0.03222443163 0.003933398984)
(0.00866834633 0.01539833937 0.005551313516)
(0.0394875966 0.02193831466 0.006367018446)
(0.00681689661 0.0420965068 0.003610568121)
(0.008022483438 0.04443714768 0.007935916074)
(0.0949216187 0.04194154218 0.008024008013)
(0.003948519006 0.02370323427 0.007943047211)
(0.09186676145 0.01354732644 0.00694719376)
(0.007847260684 0.01073956396 0.008585725911)
(0.003965225071 0.008287820965 0.00789547991)
(0.08622933179 0.02819085494 0.00599764334)
(0.09493257105 0.0301862061 0.003803441999)
(0.02012471855 0.005743861198 0.003760646097)
(0.01459401287 0.007850178517 0.006754184607)
(0.08542142063 0.008044073358 0.007170162164)
(0.01460692473 0.04195278138 0.007171708625)
(0.07582534105 0.005824365187 0.003865575884)
(0.07331325114 0.004168717191 0.007523941807)
(0.04731611162 0.02065557241 0.003436618717)
(0.07262200862 0.04202192649 0.004405970685)
(0.02674071863 0.04581555724 0.007519411854)
(0.03153640777 0.04568598047 0.004260318354)
(0.02403480932 0.04396168888 0.003871662775)
(0.03091273084 0.01457112562 0.004189468455)
(0.03201785684 0.04004016891 0.004352278542)
(0.06172968075 0.04219836369 0.003875856986)
(0.03034161404 0.02264844254 0.00937052723)
(0.05067830533 0.04239072278 0.003723069327)
(0.02180594951 0.03063192032 0.004340918269)
(0.02431592718 0.02497971989 0.003976175096)
(0.04934506863 0.005607119296 0.003221866908)
(0.05152072758 0.01411007252 0.008601517417)
(0.04306316748 0.01411094889 0.008315020241)
(0.06389556825 0.02800594456 0.005475590937)
(0.0701135993 0.01861078665 0.005209866446)
(0.04762528092 0.04156299308 0.01044312306)
(0.04563412815 0.04427767545 0.003249929519)
(0.07030119002 0.02801983431 0.009309922345)
(0.07730017602 0.01622625627 0.009583649226)
(0.006471014116 0.03105159663 0.01585734636)
(0.03394002467 0.02848078124 0.009989033453)
(0.04974034056 0.02837275341 0.01013697032)
(0.07330289483 0.02297328226 0.01316677313)
(0.08851023018 0.03397353739 0.01078125369)
(0.01045831852 0.003964127973 0.01317468099)
(0.01577177271 0.02459882945 0.01635837928)
(0.08954973519 0.04600856453 0.01319478732)
(0.02231313288 0.01720945165 0.009982373565)
(0.08387459815 0.02434032038 0.01616822928)
(0.0914690718 0.02042784169 0.01425332949)
(0.06469071657 0.02260589413 0.01029856224)
(0.07925599068 0.03289244324 0.009783891961)
(0.08537664264 0.03213340789 0.01608447731)
(0.09324148297 0.007911703549 0.01626405865)
(0.01154236496 0.04396930337 0.0159909036)
(0.01313020382 0.03449830785 0.01516223978)
(0.0119226398 0.02070485242 0.009996799752)
(0.0816598013 0.007098296657 0.01139745023)
(0.04126986489 0.02764201909 0.01097038295)
(0.003423340851 0.04059923813 0.0119525427)
(0.0532624051 0.02202639543 0.008786158636)
(0.0205174014 0.009923120961 0.01001323853)
(0.07488932461 0.009888456203 0.01008388307)
(0.07657764107 0.004960615188 0.01503581088)
(0.08950898796 0.0397715345 0.0162481647)
(0.02064079978 0.03975907341 0.009930658154)
(0.04443094134 0.04597265646 0.01228595898)
(0.09634402394 0.01252986118 0.01339709945)
(0.005677549634 0.02010946162 0.01604168676)
(0.006551383994 0.01090873126 0.01594284363)
(0.05150329322 0.035037525 0.009967514314)
(0.02132202499 0.005873050075 0.01588490978)
(0.04327532649 0.0354189463 0.009923290461)
(0.02016846836 0.04612216353 0.01406574808)
(0.07872176915 0.0440300107 0.0158865694)
(0.07431925088 0.03889592737 0.009919633158)
(0.066978544 0.03688498214 0.009914646857)
(0.0285125114 0.03689897433 0.009991087019)
(0.064478755 0.009769232944 0.01013599243)
(0.04528205469 0.0215865355 0.009843689389)
(0.07826354355 0.0308005549 0.01578468829)
(0.07951693237 0.02347349562 0.009286011569)
(0.03541368246 0.03551222756 0.01039679348)
(0.03884859756 0.03964600339 0.01525360253)
(0.06041005999 0.01619621739 0.009568090551)
(0.0590246655 0.0353038758 0.01007425506)
(0.03099652007 0.01467243675 0.01580050029)
(0.03593792394 0.009831896983 0.009966523387)
(0.0501746498 0.0407416746 0.01568668336)
(0.04473650456 0.04075628892 0.01571342163)
(0.03904918209 0.0190798454 0.01568217203)
(0.04419483989 0.008670079522 0.01072241087)
(0.0504035987 0.01843695529 0.01591463759)
(0.04637886956 0.009440441616 0.01549611241)
(0.05234558135 0.0129769491 0.01552250423)
(0.0278857965 0.02477534302 0.01579897478)
(0.02180937491 0.03066364676 0.01566190645)
(0.05674203858 0.02905077673 0.009001485072)
(0.06131698936 0.03360838071 0.01517968345)
(0.05695060268 0.0249578394 0.01602463238)
(0.09031675756 0.02235623263 0.007834010758)
(0.05649831891 0.04150482267 0.007198015228)
(0.05470500886 0.008834285662 0.004270748701)
(0.0327686891 0.006074469071 0.01009356696)
(0.03224474937 0.005947905127 0.003983775619)
(0.02727876231 0.006058317143 0.003844947321)
(0.06197259575 0.006028706208 0.01611338928)
(0.0571074374 0.006029162556 0.01615685038)
(0.05807331577 0.009408264421 0.009914355352)
(0.007630474865 0.03664443642 0.01035765093)
(0.007086716127 0.03109191544 0.004666636698)
(0.01699174568 0.03025869466 0.0100096073)
(0.01475974452 0.0368084237 0.005427828059)
(0.006393567193 0.01847660169 0.003619578201)
(0.03675531596 0.01742621697 0.009893146343)
(0.008713133633 0.02436251752 0.008124458604)
(0.003186656162 0.02493022755 0.004200685304)
(0.09021373093 0.009951520711 0.0104371272)
(0.01003238186 0.007938085124 0.007189925294)
(0.009859384969 0.01446523145 0.01222787518)
(0.09097832441 0.02663881518 0.004624047317)
(0.08938522637 0.02763562463 0.01075348631)
(0.01560490578 0.00578204263 0.003211815609)
(0.01627408527 0.01272584964 0.008127818815)
(0.0833460167 0.0135432696 0.009985441342)
(0.01515933033 0.04155908525 0.01221703552)
(0.01973667555 0.04382035509 0.003470679047)
(0.0284367688 0.0131432917 0.01001570187)
(0.06587209552 0.04233108461 0.007129159756)
(0.03487995267 0.02214423194 0.00779851526)
(0.03008835949 0.02168896608 0.00481493352)
(0.02330287546 0.02880640142 0.00996518787)
(0.01772861369 0.02984596416 0.005352334585)
(0.05222809687 0.009047311731 0.01073870529)
(0.0437291041 0.01485770382 0.01288725994)
(0.06858792901 0.0285719689 0.004578344058)
(0.07434025407 0.01876525581 0.004178130533)
(0.0658140108 0.01626594178 0.004124653991)
(0.04953560233 0.0393300131 0.006931445561)
(0.05170975998 0.0435651578 0.0117888879)
(0.06516067684 0.02925404348 0.0106253745)
(0.07033009082 0.03153956682 0.01290224399)
(0.07601112127 0.01408127323 0.01369957905)
(0.02903494053 0.02730550803 0.01133333612)
(0.02986564301 0.03149880469 0.00788512174)
(0.05365640298 0.02777386829 0.01324905921)
(0.07040809095 0.01853161305 0.01094876137)
(0.07094823569 0.02304233983 0.008691591211)
(0.07554943114 0.0274608992 0.01089210715)
(0.07187712938 0.02693748847 0.01306531299)
(0.07058086991 0.02146005072 0.01639989577)
(0.08535925299 0.03782271966 0.008042870089)
(0.09138443321 0.03600624949 0.00726932846)
(0.09232664108 0.032278236 0.01178029831)
(0.009412549436 0.008335608058 0.01218489464)
(0.0159201473 0.02959736623 0.01547248568)
(0.02173615806 0.01844240539 0.01437236834)
(0.02169076353 0.01841751486 0.005608181469)
(0.02200055867 0.01378149446 0.01320121903)
(0.02193760686 0.01378167421 0.006805880461)
(0.08684186637 0.02051340602 0.0157412421)
(0.09029012918 0.01539151557 0.01202835515)
(0.09569961578 0.02011039667 0.01609020308)
(0.06296488643 0.02257346362 0.01449640095)
(0.0616290234 0.02405823395 0.006929327268)
(0.06664332002 0.02589631267 0.008160646074)
(0.08421587944 0.03228500113 0.008439263329)
(0.07793782651 0.03607396409 0.01311094966)
(0.008580931462 0.03543684632 0.0154137956)
(0.0127941044 0.02075058594 0.005031588953)
(0.01596631482 0.02030971646 0.01332903747)
(0.07912893593 0.007842192426 0.007444823626)
(0.0410820432 0.02882612683 0.01556170173)
(0.04559437931 0.0288119968 0.01216651965)
(0.03948707879 0.02612983808 0.007354025729)
(0.007621278521 0.04131839797 0.01097149588)
(0.04975667223 0.02379376441 0.01151722763)
(0.0532515347 0.01791211031 0.007275629789)
(0.05499526486 0.01975134015 0.01266482845)
(0.02559309825 0.007782630622 0.00974507723)
(0.01596776582 0.008345011622 0.01161433663)
(0.069937855 0.009183658287 0.008742901497)
(0.08080529422 0.005520909093 0.01604584232)
(0.09256225079 0.04333374277 0.01566826738)
(0.08893162757 0.03525163606 0.01628237777)
(0.02248692699 0.03817015514 0.01410068572)
(0.02206507698 0.03597600386 0.007139064372)
(0.02381834388 0.04203875735 0.007854224183)
(0.04522391409 0.04657622054 0.01627641171)
(0.01090416685 0.02011574991 0.01531750802)
(0.04746606201 0.03699955344 0.01094284374)
(0.04136436433 0.03141712025 0.007865385152)
(0.04200871661 0.04088546336 0.01068119705)
(0.0432533063 0.03617212549 0.005502731539)
(0.0710888654 0.04219116271 0.01161077432)
(0.07839754224 0.04176744819 0.0112562133)
(0.03088324331 0.04096908122 0.01163501572)
(0.06316127628 0.005549060181 0.009346538223)
(0.04208819941 0.01863031462 0.008282814175)
(0.04728565365 0.01701194234 0.008652891032)
(0.04074951261 0.02284115739 0.01094002556)
(0.08224702626 0.02991855331 0.01268894877)
(0.07756343484 0.0240129251 0.005393144209)
(0.07703434676 0.02036974952 0.01185843535)
(0.03543192521 0.03611510992 0.01472240407)
(0.03775973618 0.03124310449 0.01204296108)
(0.03668207675 0.04073110595 0.009392099455)
(0.03946657106 0.03666660562 0.01195015665)
(0.05908108875 0.01827621274 0.005569145549)
(0.05897161737 0.01324751508 0.01308786124)
(0.06129072979 0.04035466164 0.01108232047)
(0.02946850285 0.01855154149 0.01257271133)
(0.03778599948 0.008703401312 0.01418838743)
(0.05185426027 0.03667971864 0.01426967047)
(0.03821705282 0.02335994504 0.01573400758)
(0.04748913273 0.01138678286 0.008380139247)
(0.04030396789 0.01132961642 0.01094412524)
(0.04094725102 0.007754851133 0.007752192207)
(0.05074156821 0.007093475666 0.01614847034)
(0.05599290505 0.02945444733 0.004789873492)
(0.05334271118 0.02636373416 0.008793185465)
(0.05533010513 0.03281921893 0.01122909971)
(0.08514282852 0.02389083616 0.009489897639)
(0.05635692552 0.01373435277 0.008546138182)
(0.0589197278 0.008163902909 0.01348227169)
(0.06120677292 0.01203880459 0.008036568761)
(0.01189650223 0.03312399238 0.009931216948)
(0.005752967205 0.03150248155 0.008155342191)
(0.01301790681 0.02767338417 0.008066100068)
(0.03515203297 0.01408967934 0.006646783091)
(0.03353735805 0.0139469495 0.01153672952)
(0.008197152056 0.01989232376 0.0075359568)
(0.008234643377 0.02563424408 0.01243392658)
(0.01204592362 0.0162992496 0.00858441554)
(0.08219961225 0.01828548843 0.009386221118)
(0.08541219686 0.00858721716 0.01325950594)
(0.01240192354 0.03816499188 0.009685827419)
(0.01487370022 0.04181185737 0.01617172733)
(0.01846410893 0.04243286327 0.006883433089)
(0.03084236383 0.009777228348 0.01200594567)
(0.02691665851 0.01748290285 0.008134616539)
(0.06495338678 0.04605785385 0.00423557777)
(0.03396414965 0.0242029205 0.01191219035)
(0.02437843941 0.02290316671 0.009987948462)
(0.07732949406 0.016136894 0.004310812335)
(0.0644377023 0.01833936572 0.00818943046)
(0.05320480093 0.03946441039 0.009933533147)
(0.06063614413 0.03088196553 0.01123107597)
(0.06462834775 0.0335762538 0.0120243784)
(0.07380630821 0.03346054628 0.009058594704)
(0.06813581288 0.03244259953 0.008823802695)
(0.07930254191 0.01132648066 0.01145999134)
(0.03180731833 0.03295870498 0.01185328141)
(0.02646001242 0.03245395795 0.01151198335)
(0.0539245382 0.03045139834 0.01650918648)
(0.07261010259 0.01432795916 0.009137796238)
(0.07219167799 0.02604844794 0.006475801114)
(0.07853206247 0.02878428437 0.007290926762)
(0.08436147124 0.04068300501 0.01193295512)
(0.08548950404 0.04235136136 0.006408463698)
(0.08947383612 0.03913100064 0.01103465818)
(0.007214332465 0.006354759447 0.01571666449)
(0.09131065756 0.01796409115 0.008426881395)
(0.06213700399 0.0181226749 0.01343245525)
(0.05784279481 0.02407377958 0.01077561825)
(0.08414357156 0.03545606509 0.01200239733)
(0.01687964611 0.01957219839 0.003960787319)
(0.01766183414 0.01631082781 0.01112140995)
(0.01753845066 0.02462076768 0.01000814512)
(0.0452522859 0.02609394305 0.008247099817)
(0.04593265429 0.02476304024 0.0125702573)
(0.05469919369 0.01987909712 0.0168396458)
(0.022178201 0.006528506521 0.01183192991)
(0.01413810533 0.01259129681 0.01228008233)
(0.06944376975 0.00797375571 0.01295021363)
(0.02069945633 0.03198110685 0.00838093739)
(0.02591858245 0.04042546824 0.01176581997)
(0.00845022127 0.01867291704 0.01189759001)
(0.04736905172 0.03253149241 0.008712608367)
(0.04026657715 0.03943027183 0.006703191902)
(0.06937357783 0.04007412493 0.008262088522)
(0.08041580021 0.03825740889 0.008368483745)
(0.03248140216 0.03827155381 0.008439077064)
(0.0505081974 0.01917186938 0.01128544845)
(0.07402668148 0.01975610666 0.008561393246)
(0.07569037378 0.02361901663 0.01012522541)
(0.06277401745 0.03708232939 0.008439407684)
(0.06587893516 0.04089750722 0.01222706307)
(0.06188301742 0.03665405884 0.01258812472)
(0.03945262358 0.01527085621 0.01248199865)
(0.05580518395 0.02592791803 0.005955126137)
(0.05316109955 0.03001317568 0.009852483869)
(0.08550024033 0.0268463362 0.01283356268)
(0.03909007832 0.01334966533 0.007573573384)
(0.08271078765 0.01919060759 0.01352312509)
(0.08630104363 0.01995406672 0.006836866029)
(0.01688450575 0.03679783642 0.01167896483)
(0.03335376456 0.007579955738 0.01327900495)
(0.03170197457 0.01721857674 0.008528115228)
(0.06639926136 0.04636384174 0.00800970383)
(0.02711536176 0.02366235852 0.006950458977)
(0.06461869925 0.01445314754 0.01091533806)
(0.05591986328 0.03719389439 0.01243834663)
(0.07113981247 0.03609385714 0.01176305581)
(0.07919189334 0.01265180856 0.006993563846)
(0.02434789389 0.03613840789 0.01078891475)
(0.07310168445 0.02975748107 0.007236068603)
(0.08267382532 0.02764128149 0.008777222596)
(0.06191100925 0.0261026714 0.01128393132)
(0.01319559943 0.02485869452 0.01185964048)
(0.01831689663 0.02019346133 0.008452492766)
(0.02497116476 0.03224384785 0.007382508367)
(0.01219655946 0.01762569696 0.01254596282)
(0.05284173042 0.01624170691 0.01303503756)
(0.07555116713 0.01726343483 0.006919089239)
(0.04183497652 0.018146988 0.01325136982)
(0.03853053227 0.01215615124 0.01389900595)
(0.04092587531 0.01537322812 0.01643821411)
(0.08691022545 0.01866278052 0.0113671599)
(0.01702822559 0.03908644617 0.008446891792)
(0.06812959909 0.01460666768 0.007831809111)
(0.06918384135 0.01338300016 0.01265760884)
(0.05643510818 0.04186692461 0.012776413)
(0.02563963085 0.03767962381 0.007369975094)
(0.086119771 0.02759985998 0.009458782151)
(0.05654450133 0.01602698117 0.01173350122)
(0.07890738125 0.0183090245 0.007230877065)
(0.05527364463 0.01286713779 0.01323026139)
(0.0771690011 0.02118217386 0.008133682422)
(0.08003359286 0.02109003603 0.008290533382)
(0.04321356118 0.01413346548 0.003889160231)
(0.02907306328 0.03219323233 0.003666483099)
(0.06859338283 0.02359626442 0.01271837205)
(0.05435415357 0.03983095288 0.01610270888)
(0.08027301729 0.04397864267 0.006639447063)
(0.06463263929 0.003251432208 0.01715248264)
(0.05441628769 0.003383019473 0.01716427691)
(0.05281361192 0.02115967497 0.004791683983)
(0.007757984102 0.03254203126 0.01192307286)
(0.00626629265 0.02385608293 0.01037117094)
(0.03261517733 0.03641812503 0.01248719357)
(0.06117668003 0.02031420171 0.009970851243)
(0.0552566275 0.03595528007 0.008581195027)
(0.03767314926 0.01080816239 0.01731028035)
(0.08291171491 0.04364813864 0.003807939356)
)


// ************************************************************************* //
